I_Data	Q_Data
3.325920e-01	0.000000e+00
2.751739e+01	0.000000e+00
2.727506e+01	0.000000e+00
2.707690e+01	0.000000e+00
2.709770e+01	0.000000e+00
2.700305e+01	0.000000e+00
2.711744e+01	0.000000e+00
2.762367e+01	0.000000e+00
2.663867e+01	0.000000e+00
2.657880e+01	0.000000e+00
2.650728e+01	0.000000e+00
2.634078e+01	0.000000e+00
2.691174e+01	0.000000e+00
2.698388e+01	0.000000e+00
2.690111e+01	0.000000e+00
2.657473e+01	0.000000e+00
2.742535e+01	0.000000e+00
2.681144e+01	0.000000e+00
2.671570e+01	0.000000e+00
2.694726e+01	0.000000e+00
2.722819e+01	0.000000e+00
2.706159e+01	0.000000e+00
2.737644e+01	0.000000e+00
2.748722e+01	0.000000e+00
2.814524e+01	0.000000e+00
2.666327e+01	0.000000e+00
2.694055e+01	0.000000e+00
2.709426e+01	0.000000e+00
2.733977e+01	0.000000e+00
2.788441e+01	0.000000e+00
2.698465e+01	0.000000e+00
2.742495e+01	0.000000e+00
2.692274e+01	0.000000e+00
2.765935e+01	0.000000e+00
2.751772e+01	0.000000e+00
2.667799e+01	0.000000e+00
2.707737e+01	0.000000e+00
2.716365e+01	0.000000e+00
2.797404e+01	0.000000e+00
2.684326e+01	0.000000e+00
2.681886e+01	0.000000e+00
2.692469e+01	0.000000e+00
2.712478e+01	0.000000e+00
2.672309e+01	0.000000e+00
2.711537e+01	0.000000e+00
2.708565e+01	0.000000e+00
2.734656e+01	0.000000e+00
2.720243e+01	0.000000e+00
2.709169e+01	0.000000e+00
2.705537e+01	0.000000e+00
2.677045e+01	0.000000e+00
2.758179e+01	0.000000e+00
2.679429e+01	0.000000e+00
2.698308e+01	0.000000e+00
2.716410e+01	0.000000e+00
2.706964e+01	0.000000e+00
2.675532e+01	0.000000e+00
2.702026e+01	0.000000e+00
2.767271e+01	0.000000e+00
2.721223e+01	0.000000e+00
2.752462e+01	0.000000e+00
2.748240e+01	0.000000e+00
2.737074e+01	0.000000e+00
2.687046e+01	0.000000e+00
2.703478e+01	0.000000e+00
2.676922e+01	0.000000e+00
2.725867e+01	0.000000e+00
2.734913e+01	0.000000e+00
2.644134e+01	0.000000e+00
2.697977e+01	0.000000e+00
2.723448e+01	0.000000e+00
2.635639e+01	0.000000e+00
2.726181e+01	0.000000e+00
2.713602e+01	0.000000e+00
2.744809e+01	0.000000e+00
2.726861e+01	0.000000e+00
2.722542e+01	0.000000e+00
2.708253e+01	0.000000e+00
2.735992e+01	0.000000e+00
2.733008e+01	0.000000e+00
2.761325e+01	0.000000e+00
2.716977e+01	0.000000e+00
2.741513e+01	0.000000e+00
2.638948e+01	0.000000e+00
2.795576e+01	0.000000e+00
2.723399e+01	0.000000e+00
2.733235e+01	0.000000e+00
2.683562e+01	0.000000e+00
2.761003e+01	0.000000e+00
2.719401e+01	0.000000e+00
2.662610e+01	0.000000e+00
2.680851e+01	0.000000e+00
2.720660e+01	0.000000e+00
2.734409e+01	0.000000e+00
2.635493e+01	0.000000e+00
2.727774e+01	0.000000e+00
2.699801e+01	0.000000e+00
2.753215e+01	0.000000e+00
2.694451e+01	0.000000e+00
2.672262e+01	0.000000e+00
2.699213e+01	0.000000e+00
2.726194e+01	0.000000e+00
2.719464e+01	0.000000e+00
2.701761e+01	0.000000e+00
2.695299e+01	0.000000e+00
2.703623e+01	0.000000e+00
2.714735e+01	0.000000e+00
2.739285e+01	0.000000e+00
2.675455e+01	0.000000e+00
2.696116e+01	0.000000e+00
2.703231e+01	0.000000e+00
2.764118e+01	0.000000e+00
2.656131e+01	0.000000e+00
2.660778e+01	0.000000e+00
2.717809e+01	0.000000e+00
2.755335e+01	0.000000e+00
2.736353e+01	0.000000e+00
2.741915e+01	0.000000e+00
2.690637e+01	0.000000e+00
2.696240e+01	0.000000e+00
2.669227e+01	0.000000e+00
2.727704e+01	0.000000e+00
2.694719e+01	0.000000e+00
2.682735e+01	0.000000e+00
2.738395e+01	0.000000e+00
2.716261e+01	0.000000e+00
2.721343e+01	0.000000e+00
2.760713e+01	0.000000e+00
2.767096e+01	0.000000e+00
2.700830e+01	0.000000e+00
2.692076e+01	0.000000e+00
2.709948e+01	0.000000e+00
2.790430e+01	0.000000e+00
2.717616e+01	0.000000e+00
2.724902e+01	0.000000e+00
2.735704e+01	0.000000e+00
2.698380e+01	0.000000e+00
2.736851e+01	0.000000e+00
2.704614e+01	0.000000e+00
2.665598e+01	0.000000e+00
2.747144e+01	0.000000e+00
2.736532e+01	0.000000e+00
2.692536e+01	0.000000e+00
2.682293e+01	0.000000e+00
2.743719e+01	0.000000e+00
2.766348e+01	0.000000e+00
2.689568e+01	0.000000e+00
2.718416e+01	0.000000e+00
2.693659e+01	0.000000e+00
2.713282e+01	0.000000e+00
2.755933e+01	0.000000e+00
2.740273e+01	0.000000e+00
2.668434e+01	0.000000e+00
2.753155e+01	0.000000e+00
2.690571e+01	0.000000e+00
2.765921e+01	0.000000e+00
2.733894e+01	0.000000e+00
2.702327e+01	0.000000e+00
2.714229e+01	0.000000e+00
2.665519e+01	0.000000e+00
2.786950e+01	0.000000e+00
2.700486e+01	0.000000e+00
2.723347e+01	0.000000e+00
2.754137e+01	0.000000e+00
2.651637e+01	0.000000e+00
2.788869e+01	0.000000e+00
2.773605e+01	0.000000e+00
2.747365e+01	0.000000e+00
2.693704e+01	0.000000e+00
2.685727e+01	0.000000e+00
2.670422e+01	0.000000e+00
2.760799e+01	0.000000e+00
2.745048e+01	0.000000e+00
2.679778e+01	0.000000e+00
2.706024e+01	0.000000e+00
2.700246e+01	0.000000e+00
2.744230e+01	0.000000e+00
2.658865e+01	0.000000e+00
2.669318e+01	0.000000e+00
2.704772e+01	0.000000e+00
2.710278e+01	0.000000e+00
2.628206e+01	0.000000e+00
2.749373e+01	0.000000e+00
2.645753e+01	0.000000e+00
2.660406e+01	0.000000e+00
2.718815e+01	0.000000e+00
2.692921e+01	0.000000e+00
2.702806e+01	0.000000e+00
2.692585e+01	0.000000e+00
2.672795e+01	0.000000e+00
2.722821e+01	0.000000e+00
2.688674e+01	0.000000e+00
2.722893e+01	0.000000e+00
2.720650e+01	0.000000e+00
2.734986e+01	0.000000e+00
2.636949e+01	0.000000e+00
2.664399e+01	0.000000e+00
2.696683e+01	0.000000e+00
2.740924e+01	0.000000e+00
2.742733e+01	0.000000e+00
2.765555e+01	0.000000e+00
2.683528e+01	0.000000e+00
2.693837e+01	0.000000e+00
2.697649e+01	0.000000e+00
2.742819e+01	0.000000e+00
2.702981e+01	0.000000e+00
2.708838e+01	0.000000e+00
2.731645e+01	0.000000e+00
2.717299e+01	0.000000e+00
2.754083e+01	0.000000e+00
2.676869e+01	0.000000e+00
2.729037e+01	0.000000e+00
2.698545e+01	0.000000e+00
2.733660e+01	0.000000e+00
2.742721e+01	0.000000e+00
2.698961e+01	0.000000e+00
2.656726e+01	0.000000e+00
2.725353e+01	0.000000e+00
2.708374e+01	0.000000e+00
2.680368e+01	0.000000e+00
2.677653e+01	0.000000e+00
2.713481e+01	0.000000e+00
2.753643e+01	0.000000e+00
2.705468e+01	0.000000e+00
2.706015e+01	0.000000e+00
2.704489e+01	0.000000e+00
2.700065e+01	0.000000e+00
2.733873e+01	0.000000e+00
2.705819e+01	0.000000e+00
2.759396e+01	0.000000e+00
2.713370e+01	0.000000e+00
2.694596e+01	0.000000e+00
2.743169e+01	0.000000e+00
2.651739e+01	0.000000e+00
2.690743e+01	0.000000e+00
2.671068e+01	0.000000e+00
2.671093e+01	0.000000e+00
2.739663e+01	0.000000e+00
2.668597e+01	0.000000e+00
2.768060e+01	0.000000e+00
2.740078e+01	0.000000e+00
2.727226e+01	0.000000e+00
2.702609e+01	0.000000e+00
2.723516e+01	0.000000e+00
2.723157e+01	0.000000e+00
2.765206e+01	0.000000e+00
2.688228e+01	0.000000e+00
2.714912e+01	0.000000e+00
2.671266e+01	0.000000e+00
2.695915e+01	0.000000e+00
2.725379e+01	0.000000e+00
2.704580e+01	0.000000e+00
2.739385e+01	0.000000e+00
2.729379e+01	0.000000e+00
2.701914e+01	0.000000e+00
2.724169e+01	0.000000e+00
2.708711e+01	0.000000e+00
2.710266e+01	0.000000e+00
2.676913e+01	0.000000e+00
2.721338e+01	0.000000e+00
2.735096e+01	0.000000e+00
2.722535e+01	0.000000e+00
2.689945e+01	0.000000e+00
2.722743e+01	0.000000e+00
2.715570e+01	0.000000e+00
2.684188e+01	0.000000e+00
2.726324e+01	0.000000e+00
2.734630e+01	0.000000e+00
2.663633e+01	0.000000e+00
2.731381e+01	0.000000e+00
2.712328e+01	0.000000e+00
2.695004e+01	0.000000e+00
2.734909e+01	0.000000e+00
2.726502e+01	0.000000e+00
2.739405e+01	0.000000e+00
2.716467e+01	0.000000e+00
2.749765e+01	0.000000e+00
2.721964e+01	0.000000e+00
2.662863e+01	0.000000e+00
2.693128e+01	0.000000e+00
2.687529e+01	0.000000e+00
2.782818e+01	0.000000e+00
2.737611e+01	0.000000e+00
2.760991e+01	0.000000e+00
2.701149e+01	0.000000e+00
2.731088e+01	0.000000e+00
2.716519e+01	0.000000e+00
2.691059e+01	0.000000e+00
2.710310e+01	0.000000e+00
2.705099e+01	0.000000e+00
2.685696e+01	0.000000e+00
2.730173e+01	0.000000e+00
2.760943e+01	0.000000e+00
2.718231e+01	0.000000e+00
2.697820e+01	0.000000e+00
2.691431e+01	0.000000e+00
2.699480e+01	0.000000e+00
2.707552e+01	0.000000e+00
2.745145e+01	0.000000e+00
2.664112e+01	0.000000e+00
2.689517e+01	0.000000e+00
2.709054e+01	0.000000e+00
2.702813e+01	0.000000e+00
2.734568e+01	0.000000e+00
2.671682e+01	0.000000e+00
2.695722e+01	0.000000e+00
2.730425e+01	0.000000e+00
2.646692e+01	0.000000e+00
2.679265e+01	0.000000e+00
2.701952e+01	0.000000e+00
2.713651e+01	0.000000e+00
2.681707e+01	0.000000e+00
2.680968e+01	0.000000e+00
2.751458e+01	0.000000e+00
2.702474e+01	0.000000e+00
2.748699e+01	0.000000e+00
2.707724e+01	0.000000e+00
2.745070e+01	0.000000e+00
2.732775e+01	0.000000e+00
2.687192e+01	0.000000e+00
2.711921e+01	0.000000e+00
2.736233e+01	0.000000e+00
2.657852e+01	0.000000e+00
2.755601e+01	0.000000e+00
2.692877e+01	0.000000e+00
2.746170e+01	0.000000e+00
2.730748e+01	0.000000e+00
2.652464e+01	0.000000e+00
2.715194e+01	0.000000e+00
2.711528e+01	0.000000e+00
2.714162e+01	0.000000e+00
2.720808e+01	0.000000e+00
2.714828e+01	0.000000e+00
2.693611e+01	0.000000e+00
2.706260e+01	0.000000e+00
2.728845e+01	0.000000e+00
2.693892e+01	0.000000e+00
2.717693e+01	0.000000e+00
2.770015e+01	0.000000e+00
2.680803e+01	0.000000e+00
2.725565e+01	0.000000e+00
2.680106e+01	0.000000e+00
2.720908e+01	0.000000e+00
2.748806e+01	0.000000e+00
2.704918e+01	0.000000e+00
2.725262e+01	0.000000e+00
2.701302e+01	0.000000e+00
2.733015e+01	0.000000e+00
2.770485e+01	0.000000e+00
2.760851e+01	0.000000e+00
2.770099e+01	0.000000e+00
2.789052e+01	0.000000e+00
2.667412e+01	0.000000e+00
2.751557e+01	0.000000e+00
2.765531e+01	0.000000e+00
2.684474e+01	0.000000e+00
2.713980e+01	0.000000e+00
2.704091e+01	0.000000e+00
2.716269e+01	0.000000e+00
2.781751e+01	0.000000e+00
2.700117e+01	0.000000e+00
2.767095e+01	0.000000e+00
2.733246e+01	0.000000e+00
2.717017e+01	0.000000e+00
2.651850e+01	0.000000e+00
2.726357e+01	0.000000e+00
2.720970e+01	0.000000e+00
2.728040e+01	0.000000e+00
2.693533e+01	0.000000e+00
2.730959e+01	0.000000e+00
2.726664e+01	0.000000e+00
2.671533e+01	0.000000e+00
2.662023e+01	0.000000e+00
2.730723e+01	0.000000e+00
2.716345e+01	0.000000e+00
2.654869e+01	0.000000e+00
2.727183e+01	0.000000e+00
2.777941e+01	0.000000e+00
2.664802e+01	0.000000e+00
2.705727e+01	0.000000e+00
2.725536e+01	0.000000e+00
2.744047e+01	0.000000e+00
2.679034e+01	0.000000e+00
2.669349e+01	0.000000e+00
2.732837e+01	0.000000e+00
2.752833e+01	0.000000e+00
2.757900e+01	0.000000e+00
2.753163e+01	0.000000e+00
2.693988e+01	0.000000e+00
2.769307e+01	0.000000e+00
2.651103e+01	0.000000e+00
2.754247e+01	0.000000e+00
2.709279e+01	0.000000e+00
2.696681e+01	0.000000e+00
2.766044e+01	0.000000e+00
2.752999e+01	0.000000e+00
2.691247e+01	0.000000e+00
2.760319e+01	0.000000e+00
2.737344e+01	0.000000e+00
2.672407e+01	0.000000e+00
2.780011e+01	0.000000e+00
2.688129e+01	0.000000e+00
2.645594e+01	0.000000e+00
2.747511e+01	0.000000e+00
2.702758e+01	0.000000e+00
2.695659e+01	0.000000e+00
2.694856e+01	0.000000e+00
2.671958e+01	0.000000e+00
2.684080e+01	0.000000e+00
2.793751e+01	0.000000e+00
2.774659e+01	0.000000e+00
2.719245e+01	0.000000e+00
2.683034e+01	0.000000e+00
2.618865e+01	0.000000e+00
2.671118e+01	0.000000e+00
2.660359e+01	0.000000e+00
2.681329e+01	0.000000e+00
2.649881e+01	0.000000e+00
2.735474e+01	0.000000e+00
2.724885e+01	0.000000e+00
2.657658e+01	0.000000e+00
2.658399e+01	0.000000e+00
2.658882e+01	0.000000e+00
2.714729e+01	0.000000e+00
2.709571e+01	0.000000e+00
2.751006e+01	0.000000e+00
2.679355e+01	0.000000e+00
2.711518e+01	0.000000e+00
2.707253e+01	0.000000e+00
2.754530e+01	0.000000e+00
2.744575e+01	0.000000e+00
2.642613e+01	0.000000e+00
2.739286e+01	0.000000e+00
2.724202e+01	0.000000e+00
2.742197e+01	0.000000e+00
2.723206e+01	0.000000e+00
2.734120e+01	0.000000e+00
2.710951e+01	0.000000e+00
2.769849e+01	0.000000e+00
2.658116e+01	0.000000e+00
2.688958e+01	0.000000e+00
2.724296e+01	0.000000e+00
2.724261e+01	0.000000e+00
2.736065e+01	0.000000e+00
2.704392e+01	0.000000e+00
2.728607e+01	0.000000e+00
2.669910e+01	0.000000e+00
2.718356e+01	0.000000e+00
2.706748e+01	0.000000e+00
2.721864e+01	0.000000e+00
2.695346e+01	0.000000e+00
2.706025e+01	0.000000e+00
2.720910e+01	0.000000e+00
2.727787e+01	0.000000e+00
2.707649e+01	0.000000e+00
2.733238e+01	0.000000e+00
2.738082e+01	0.000000e+00
2.738627e+01	0.000000e+00
2.820970e+01	0.000000e+00
2.704879e+01	0.000000e+00
2.735600e+01	0.000000e+00
2.723989e+01	0.000000e+00
2.701423e+01	0.000000e+00
2.691351e+01	0.000000e+00
2.642349e+01	0.000000e+00
2.792824e+01	0.000000e+00
2.717750e+01	0.000000e+00
2.747270e+01	0.000000e+00
2.697931e+01	0.000000e+00
2.708964e+01	0.000000e+00
2.676201e+01	0.000000e+00
2.759926e+01	0.000000e+00
2.730244e+01	0.000000e+00
2.735423e+01	0.000000e+00
2.666671e+01	0.000000e+00
2.673069e+01	0.000000e+00
2.683779e+01	0.000000e+00
2.758779e+01	0.000000e+00
2.679596e+01	0.000000e+00
2.699678e+01	0.000000e+00
2.700137e+01	0.000000e+00
2.801266e+01	0.000000e+00
2.663493e+01	0.000000e+00
2.797781e+01	0.000000e+00
2.718549e+01	0.000000e+00
2.748866e+01	0.000000e+00
2.757081e+01	0.000000e+00
2.726074e+01	0.000000e+00
2.710950e+01	0.000000e+00
2.729321e+01	0.000000e+00
2.717888e+01	0.000000e+00
2.709427e+01	0.000000e+00
2.763223e+01	0.000000e+00
2.694940e+01	0.000000e+00
2.700667e+01	0.000000e+00
2.720582e+01	0.000000e+00
2.809057e+01	0.000000e+00
2.731373e+01	0.000000e+00
2.630759e+01	0.000000e+00
2.764464e+01	0.000000e+00
2.681876e+01	0.000000e+00
2.698802e+01	0.000000e+00
2.684026e+01	0.000000e+00
2.735117e+01	0.000000e+00
2.752862e+01	0.000000e+00
2.664939e+01	0.000000e+00
2.683971e+01	0.000000e+00
2.667710e+01	0.000000e+00
2.804280e+01	0.000000e+00
2.681016e+01	0.000000e+00
2.781915e+01	0.000000e+00
2.739411e+01	0.000000e+00
2.681009e+01	0.000000e+00
2.762906e+01	0.000000e+00
2.708212e+01	0.000000e+00
2.751611e+01	0.000000e+00
2.672951e+01	0.000000e+00
2.686509e+01	0.000000e+00
2.726822e+01	0.000000e+00
2.745302e+01	0.000000e+00
2.703842e+01	0.000000e+00
2.689375e+01	0.000000e+00
2.679330e+01	0.000000e+00
2.804229e+01	0.000000e+00
2.712685e+01	0.000000e+00
2.728051e+01	0.000000e+00
2.699273e+01	0.000000e+00
2.689069e+01	0.000000e+00
2.817210e+01	0.000000e+00
2.801636e+01	0.000000e+00
2.719339e+01	0.000000e+00
2.726968e+01	0.000000e+00
2.671266e+01	0.000000e+00
2.703440e+01	0.000000e+00
2.748675e+01	0.000000e+00
2.722444e+01	0.000000e+00
2.689816e+01	0.000000e+00
2.746963e+01	0.000000e+00
2.726506e+01	0.000000e+00
2.734591e+01	0.000000e+00
2.639356e+01	0.000000e+00
2.644481e+01	0.000000e+00
2.711815e+01	0.000000e+00
2.658542e+01	0.000000e+00
2.696873e+01	0.000000e+00
2.638689e+01	0.000000e+00
2.703256e+01	0.000000e+00
2.749524e+01	0.000000e+00
2.665278e+01	0.000000e+00
2.751196e+01	0.000000e+00
2.748933e+01	0.000000e+00
2.784980e+01	0.000000e+00
2.795699e+01	0.000000e+00
2.669668e+01	0.000000e+00
2.709260e+01	0.000000e+00
2.795167e+01	0.000000e+00
2.744132e+01	0.000000e+00
2.721896e+01	0.000000e+00
2.617576e+01	0.000000e+00
2.720271e+01	0.000000e+00
2.723348e+01	0.000000e+00
2.711699e+01	0.000000e+00
2.654846e+01	0.000000e+00
2.683449e+01	0.000000e+00
2.712999e+01	0.000000e+00
2.770164e+01	0.000000e+00
2.721828e+01	0.000000e+00
2.673527e+01	0.000000e+00
2.744952e+01	0.000000e+00
2.686907e+01	0.000000e+00
2.729402e+01	0.000000e+00
2.787902e+01	0.000000e+00
2.672298e+01	0.000000e+00
2.706844e+01	0.000000e+00
2.749692e+01	0.000000e+00
2.753069e+01	0.000000e+00
2.775581e+01	0.000000e+00
2.747295e+01	0.000000e+00
2.698433e+01	0.000000e+00
2.724269e+01	0.000000e+00
2.772308e+01	0.000000e+00
2.687678e+01	0.000000e+00
2.764968e+01	0.000000e+00
2.738046e+01	0.000000e+00
2.744760e+01	0.000000e+00
2.744005e+01	0.000000e+00
2.676901e+01	0.000000e+00
2.708926e+01	0.000000e+00
2.699391e+01	0.000000e+00
2.692994e+01	0.000000e+00
2.713913e+01	0.000000e+00
2.771729e+01	0.000000e+00
2.730053e+01	0.000000e+00
2.737417e+01	0.000000e+00
2.775238e+01	0.000000e+00
2.673172e+01	0.000000e+00
2.717339e+01	0.000000e+00
2.690503e+01	0.000000e+00
2.714813e+01	0.000000e+00
2.693384e+01	0.000000e+00
2.725226e+01	0.000000e+00
2.710967e+01	0.000000e+00
2.729010e+01	0.000000e+00
2.706583e+01	0.000000e+00
2.791148e+01	0.000000e+00
2.705225e+01	0.000000e+00
2.702289e+01	0.000000e+00
2.761451e+01	0.000000e+00
2.662938e+01	0.000000e+00
2.684093e+01	0.000000e+00
2.753282e+01	0.000000e+00
2.690239e+01	0.000000e+00
2.693664e+01	0.000000e+00
2.686043e+01	0.000000e+00
2.731387e+01	0.000000e+00
2.748985e+01	0.000000e+00
2.730107e+01	0.000000e+00
2.742632e+01	0.000000e+00
2.752438e+01	0.000000e+00
2.712226e+01	0.000000e+00
2.710628e+01	0.000000e+00
2.759106e+01	0.000000e+00
2.673968e+01	0.000000e+00
2.757158e+01	0.000000e+00
2.701086e+01	0.000000e+00
2.739393e+01	0.000000e+00
2.681336e+01	0.000000e+00
2.705612e+01	0.000000e+00
2.673635e+01	0.000000e+00
2.754480e+01	0.000000e+00
2.705153e+01	0.000000e+00
2.749682e+01	0.000000e+00
2.625819e+01	0.000000e+00
2.703174e+01	0.000000e+00
2.687642e+01	0.000000e+00
2.690046e+01	0.000000e+00
2.718865e+01	0.000000e+00
2.724926e+01	0.000000e+00
2.683348e+01	0.000000e+00
2.761626e+01	0.000000e+00
2.669823e+01	0.000000e+00
2.663528e+01	0.000000e+00
2.737690e+01	0.000000e+00
2.665404e+01	0.000000e+00
2.719967e+01	0.000000e+00
2.716949e+01	0.000000e+00
2.669351e+01	0.000000e+00
2.762765e+01	0.000000e+00
2.722604e+01	0.000000e+00
2.719231e+01	0.000000e+00
2.750215e+01	0.000000e+00
2.712759e+01	0.000000e+00
2.713401e+01	0.000000e+00
2.765319e+01	0.000000e+00
2.743945e+01	0.000000e+00
2.681379e+01	0.000000e+00
2.670473e+01	0.000000e+00
2.721064e+01	0.000000e+00
2.775188e+01	0.000000e+00
2.719282e+01	0.000000e+00
2.655633e+01	0.000000e+00
2.742157e+01	0.000000e+00
2.752227e+01	0.000000e+00
2.684901e+01	0.000000e+00
2.710849e+01	0.000000e+00
2.736947e+01	0.000000e+00
2.635943e+01	0.000000e+00
2.697202e+01	0.000000e+00
2.683460e+01	0.000000e+00
2.721566e+01	0.000000e+00
2.733686e+01	0.000000e+00
2.778146e+01	0.000000e+00
2.690082e+01	0.000000e+00
2.719657e+01	0.000000e+00
2.770345e+01	0.000000e+00
2.667002e+01	0.000000e+00
2.698695e+01	0.000000e+00
2.766447e+01	0.000000e+00
2.720157e+01	0.000000e+00
2.711278e+01	0.000000e+00
2.673583e+01	0.000000e+00
2.753977e+01	0.000000e+00
2.768019e+01	0.000000e+00
2.744577e+01	0.000000e+00
2.728689e+01	0.000000e+00
2.684650e+01	0.000000e+00
2.691369e+01	0.000000e+00
2.701702e+01	0.000000e+00
2.723617e+01	0.000000e+00
2.736863e+01	0.000000e+00
2.689323e+01	0.000000e+00
2.724617e+01	0.000000e+00
2.653062e+01	0.000000e+00
2.688742e+01	0.000000e+00
2.755869e+01	0.000000e+00
2.737201e+01	0.000000e+00
2.715205e+01	0.000000e+00
2.706877e+01	0.000000e+00
2.694514e+01	0.000000e+00
2.736239e+01	0.000000e+00
2.708028e+01	0.000000e+00
2.735360e+01	0.000000e+00
2.718456e+01	0.000000e+00
2.744288e+01	0.000000e+00
2.727398e+01	0.000000e+00
2.684495e+01	0.000000e+00
2.696224e+01	0.000000e+00
2.652198e+01	0.000000e+00
2.730079e+01	0.000000e+00
2.734938e+01	0.000000e+00
2.728098e+01	0.000000e+00
2.699059e+01	0.000000e+00
2.757691e+01	0.000000e+00
2.675615e+01	0.000000e+00
2.659778e+01	0.000000e+00
2.754048e+01	0.000000e+00
2.711662e+01	0.000000e+00
2.697976e+01	0.000000e+00
2.625384e+01	0.000000e+00
2.732886e+01	0.000000e+00
2.714805e+01	0.000000e+00
2.712425e+01	0.000000e+00
2.728039e+01	0.000000e+00
2.716443e+01	0.000000e+00
2.694526e+01	0.000000e+00
2.667798e+01	0.000000e+00
2.706113e+01	0.000000e+00
2.746430e+01	0.000000e+00
2.712678e+01	0.000000e+00
2.725960e+01	0.000000e+00
2.728944e+01	0.000000e+00
2.723655e+01	0.000000e+00
2.600415e+01	0.000000e+00
2.723580e+01	0.000000e+00
2.690340e+01	0.000000e+00
2.695496e+01	0.000000e+00
2.720099e+01	0.000000e+00
2.620278e+01	0.000000e+00
2.707499e+01	0.000000e+00
2.761134e+01	0.000000e+00
2.733881e+01	0.000000e+00
2.704167e+01	0.000000e+00
2.694133e+01	0.000000e+00
2.746713e+01	0.000000e+00
2.752652e+01	0.000000e+00
2.710168e+01	0.000000e+00
2.723273e+01	0.000000e+00
2.698723e+01	0.000000e+00
2.684388e+01	0.000000e+00
2.663880e+01	0.000000e+00
2.714239e+01	0.000000e+00
2.696813e+01	0.000000e+00
2.739308e+01	0.000000e+00
2.635609e+01	0.000000e+00
2.724594e+01	0.000000e+00
2.642422e+01	0.000000e+00
2.692226e+01	0.000000e+00
2.663847e+01	0.000000e+00
2.670271e+01	0.000000e+00
2.802824e+01	0.000000e+00
2.734523e+01	0.000000e+00
2.714292e+01	0.000000e+00
2.690482e+01	0.000000e+00
2.666444e+01	0.000000e+00
2.730000e+01	0.000000e+00
2.729085e+01	0.000000e+00
2.725226e+01	0.000000e+00
2.741872e+01	0.000000e+00
2.724754e+01	0.000000e+00
2.739171e+01	0.000000e+00
2.683835e+01	0.000000e+00
2.705718e+01	0.000000e+00
2.729748e+01	0.000000e+00
2.719449e+01	0.000000e+00
2.744100e+01	0.000000e+00
2.751392e+01	0.000000e+00
2.641619e+01	0.000000e+00
2.700028e+01	0.000000e+00
2.752425e+01	0.000000e+00
2.731771e+01	0.000000e+00
2.733318e+01	0.000000e+00
2.694279e+01	0.000000e+00
2.651708e+01	0.000000e+00
2.648468e+01	0.000000e+00
2.738520e+01	0.000000e+00
2.703883e+01	0.000000e+00
2.727723e+01	0.000000e+00
2.690019e+01	0.000000e+00
2.644672e+01	0.000000e+00
2.734043e+01	0.000000e+00
2.768714e+01	0.000000e+00
2.727563e+01	0.000000e+00
2.695269e+01	0.000000e+00
2.735310e+01	0.000000e+00
2.648775e+01	0.000000e+00
2.728544e+01	0.000000e+00
2.727422e+01	0.000000e+00
2.800185e+01	0.000000e+00
2.797377e+01	0.000000e+00
2.720054e+01	0.000000e+00
2.728247e+01	0.000000e+00
2.752725e+01	0.000000e+00
2.733300e+01	0.000000e+00
2.765530e+01	0.000000e+00
2.770448e+01	0.000000e+00
2.782327e+01	0.000000e+00
2.744763e+01	0.000000e+00
2.673512e+01	0.000000e+00
2.764823e+01	0.000000e+00
2.761442e+01	0.000000e+00
2.706027e+01	0.000000e+00
2.702293e+01	0.000000e+00
2.747037e+01	0.000000e+00
2.703368e+01	0.000000e+00
2.750146e+01	0.000000e+00
2.742586e+01	0.000000e+00
2.680428e+01	0.000000e+00
2.656868e+01	0.000000e+00
2.783429e+01	0.000000e+00
2.743678e+01	0.000000e+00
2.693355e+01	0.000000e+00
2.675675e+01	0.000000e+00
2.696974e+01	0.000000e+00
2.635587e+01	0.000000e+00
2.748130e+01	0.000000e+00
2.731144e+01	0.000000e+00
2.724752e+01	0.000000e+00
2.755847e+01	0.000000e+00
2.735484e+01	0.000000e+00
2.681254e+01	0.000000e+00
2.739661e+01	0.000000e+00
2.664851e+01	0.000000e+00
2.702801e+01	0.000000e+00
2.706790e+01	0.000000e+00
2.731494e+01	0.000000e+00
2.721912e+01	0.000000e+00
2.681731e+01	0.000000e+00
2.721925e+01	0.000000e+00
2.742972e+01	0.000000e+00
2.755942e+01	0.000000e+00
2.714341e+01	0.000000e+00
2.752340e+01	0.000000e+00
2.702127e+01	0.000000e+00
2.795780e+01	0.000000e+00
2.699497e+01	0.000000e+00
2.687158e+01	0.000000e+00
2.697312e+01	0.000000e+00
2.672926e+01	0.000000e+00
2.694571e+01	0.000000e+00
2.699436e+01	0.000000e+00
2.669591e+01	0.000000e+00
2.711992e+01	0.000000e+00
2.720000e+01	0.000000e+00
2.755735e+01	0.000000e+00
2.758941e+01	0.000000e+00
2.697015e+01	0.000000e+00
2.724519e+01	0.000000e+00
2.734102e+01	0.000000e+00
2.750454e+01	0.000000e+00
2.709880e+01	0.000000e+00
2.720404e+01	0.000000e+00
2.668724e+01	0.000000e+00
2.755090e+01	0.000000e+00
2.700619e+01	0.000000e+00
2.658726e+01	0.000000e+00
2.730764e+01	0.000000e+00
2.742264e+01	0.000000e+00
2.732853e+01	0.000000e+00
2.664745e+01	0.000000e+00
2.682836e+01	0.000000e+00
2.699292e+01	0.000000e+00
2.689436e+01	0.000000e+00
2.745974e+01	0.000000e+00
2.712739e+01	0.000000e+00
2.673180e+01	0.000000e+00
2.760855e+01	0.000000e+00
2.687192e+01	0.000000e+00
2.674701e+01	0.000000e+00
2.675004e+01	0.000000e+00
2.675217e+01	0.000000e+00
2.714934e+01	0.000000e+00
2.687997e+01	0.000000e+00
2.696985e+01	0.000000e+00
2.679910e+01	0.000000e+00
2.671729e+01	0.000000e+00
2.627247e+01	0.000000e+00
2.657232e+01	0.000000e+00
2.661783e+01	0.000000e+00
2.692792e+01	0.000000e+00
2.690833e+01	0.000000e+00
2.746877e+01	0.000000e+00
2.686124e+01	0.000000e+00
2.676257e+01	0.000000e+00
2.741414e+01	0.000000e+00
2.816843e+01	0.000000e+00
2.762544e+01	0.000000e+00
2.711341e+01	0.000000e+00
2.702500e+01	0.000000e+00
2.688313e+01	0.000000e+00
2.696250e+01	0.000000e+00
2.689471e+01	0.000000e+00
2.722261e+01	0.000000e+00
2.681629e+01	0.000000e+00
2.691802e+01	0.000000e+00
2.671066e+01	0.000000e+00
2.726604e+01	0.000000e+00
2.747203e+01	0.000000e+00
2.694518e+01	0.000000e+00
2.754726e+01	0.000000e+00
2.701247e+01	0.000000e+00
2.777014e+01	0.000000e+00
2.673000e+01	0.000000e+00
2.696467e+01	0.000000e+00
2.735400e+01	0.000000e+00
2.713040e+01	0.000000e+00
2.727342e+01	0.000000e+00
2.719447e+01	0.000000e+00
2.676768e+01	0.000000e+00
2.700806e+01	0.000000e+00
2.740485e+01	0.000000e+00
2.727950e+01	0.000000e+00
2.673830e+01	0.000000e+00
2.698877e+01	0.000000e+00
2.669076e+01	0.000000e+00
2.704111e+01	0.000000e+00
2.682180e+01	0.000000e+00
2.705744e+01	0.000000e+00
2.677914e+01	0.000000e+00
2.735640e+01	0.000000e+00
2.741254e+01	0.000000e+00
2.663667e+01	0.000000e+00
2.701422e+01	0.000000e+00
2.747622e+01	0.000000e+00
2.700705e+01	0.000000e+00
2.727827e+01	0.000000e+00
2.744484e+01	0.000000e+00
2.725471e+01	0.000000e+00
2.700413e+01	0.000000e+00
2.657653e+01	0.000000e+00
2.751599e+01	0.000000e+00
2.690155e+01	0.000000e+00
2.736414e+01	0.000000e+00
2.730490e+01	0.000000e+00
2.784506e+01	0.000000e+00
2.726966e+01	0.000000e+00
2.732005e+01	0.000000e+00
2.681513e+01	0.000000e+00
2.648082e+01	0.000000e+00
2.703167e+01	0.000000e+00
2.755266e+01	0.000000e+00
2.685447e+01	0.000000e+00
2.681554e+01	0.000000e+00
2.695996e+01	0.000000e+00
2.720582e+01	0.000000e+00
2.715953e+01	0.000000e+00
2.666594e+01	0.000000e+00
2.742199e+01	0.000000e+00
2.719591e+01	0.000000e+00
2.762826e+01	0.000000e+00
2.742875e+01	0.000000e+00
2.712346e+01	0.000000e+00
2.740508e+01	0.000000e+00
2.703658e+01	0.000000e+00
2.687620e+01	0.000000e+00
2.727125e+01	0.000000e+00
2.739743e+01	0.000000e+00
2.700382e+01	0.000000e+00
2.720768e+01	0.000000e+00
2.704042e+01	0.000000e+00
2.709084e+01	0.000000e+00
2.696919e+01	0.000000e+00
2.684057e+01	0.000000e+00
2.757775e+01	0.000000e+00
2.736849e+01	0.000000e+00
2.795444e+01	0.000000e+00
2.743397e+01	0.000000e+00
2.706849e+01	0.000000e+00
2.728977e+01	0.000000e+00
2.658524e+01	0.000000e+00
2.705444e+01	0.000000e+00
2.622621e+01	0.000000e+00
2.740930e+01	0.000000e+00
2.708244e+01	0.000000e+00
2.702466e+01	0.000000e+00
2.690235e+01	0.000000e+00
2.736974e+01	0.000000e+00
2.699521e+01	0.000000e+00
2.747264e+01	0.000000e+00
2.673609e+01	0.000000e+00
2.721718e+01	0.000000e+00
2.757458e+01	0.000000e+00
2.697279e+01	0.000000e+00
2.753045e+01	0.000000e+00
2.689489e+01	0.000000e+00
2.739905e+01	0.000000e+00
2.753838e+01	0.000000e+00
2.726867e+01	0.000000e+00
2.711708e+01	0.000000e+00
2.724833e+01	0.000000e+00
2.667918e+01	0.000000e+00
