SNR_dB	aleph_array	mse_results
-20	0	2.982646e+03
-20	0.05	3.074956e+03
-20	0.1	3.120877e+03
-20	0.15	3.357970e+03
-20	0.2	3.044811e+03
-20	0.25	3.334627e+03
-20	0.3	3.399668e+03
-20	0.35	3.367665e+03
-20	0.4	3.380654e+03
-20	0.45	3.595630e+03
-20	0.5	3.308343e+03
-20	0.55	3.737029e+03
-20	0.6	3.761977e+03
-20	0.65	3.982326e+03
-20	0.7	3.786916e+03
-20	0.75	3.785205e+03
-20	0.8	3.645994e+03
-20	0.85	3.541226e+03
-20	0.9	3.767824e+03
-20	0.95	3.751303e+03
-20	1	3.567637e+03

-19	0	2.505226e+03
-19	0.05	2.387879e+03
-19	0.1	2.607919e+03
-19	0.15	2.630881e+03
-19	0.2	2.502505e+03
-19	0.25	2.670967e+03
-19	0.3	2.575706e+03
-19	0.35	2.558964e+03
-19	0.4	2.698566e+03
-19	0.45	2.868360e+03
-19	0.5	2.844523e+03
-19	0.55	3.047844e+03
-19	0.6	2.728654e+03
-19	0.65	2.965902e+03
-19	0.7	3.017796e+03
-19	0.75	3.248662e+03
-19	0.8	3.079478e+03
-19	0.85	2.906135e+03
-19	0.9	2.941747e+03
-19	0.95	2.967437e+03
-19	1	2.942306e+03

-18	0	2.037835e+03
-18	0.05	1.791570e+03
-18	0.1	2.037127e+03
-18	0.15	2.054362e+03
-18	0.2	1.998557e+03
-18	0.25	2.096730e+03
-18	0.3	2.243519e+03
-18	0.35	1.962033e+03
-18	0.4	2.071111e+03
-18	0.45	2.267113e+03
-18	0.5	1.977391e+03
-18	0.55	2.306776e+03
-18	0.6	2.347569e+03
-18	0.65	2.164020e+03
-18	0.7	2.484321e+03
-18	0.75	2.447995e+03
-18	0.8	2.290337e+03
-18	0.85	2.262512e+03
-18	0.9	2.336899e+03
-18	0.95	2.251360e+03
-18	1	2.224853e+03

-17	0	1.600447e+03
-17	0.05	1.524486e+03
-17	0.1	1.662532e+03
-17	0.15	1.500429e+03
-17	0.2	1.581888e+03
-17	0.25	1.747637e+03
-17	0.3	1.638939e+03
-17	0.35	1.673753e+03
-17	0.4	1.872348e+03
-17	0.45	1.734470e+03
-17	0.5	1.837635e+03
-17	0.55	1.875080e+03
-17	0.6	2.117288e+03
-17	0.65	1.782878e+03
-17	0.7	1.801259e+03
-17	0.75	1.872158e+03
-17	0.8	1.850750e+03
-17	0.85	1.850195e+03
-17	0.9	1.972025e+03
-17	0.95	1.773704e+03
-17	1	1.935852e+03

-16	0	1.288469e+03
-16	0.05	1.281015e+03
-16	0.1	1.257051e+03
-16	0.15	1.254243e+03
-16	0.2	1.167172e+03
-16	0.25	1.309261e+03
-16	0.3	1.281693e+03
-16	0.35	1.397669e+03
-16	0.4	1.326864e+03
-16	0.45	1.501724e+03
-16	0.5	1.358221e+03
-16	0.55	1.388069e+03
-16	0.6	1.348567e+03
-16	0.65	1.703744e+03
-16	0.7	1.462269e+03
-16	0.75	1.623912e+03
-16	0.8	1.468459e+03
-16	0.85	1.480796e+03
-16	0.9	1.461658e+03
-16	0.95	1.488701e+03
-16	1	1.377224e+03

-15	0	9.578877e+02
-15	0.05	1.004653e+03
-15	0.1	9.606138e+02
-15	0.15	1.050434e+03
-15	0.2	1.017233e+03
-15	0.25	1.038089e+03
-15	0.3	1.014083e+03
-15	0.35	1.109136e+03
-15	0.4	1.051428e+03
-15	0.45	9.848775e+02
-15	0.5	1.124019e+03
-15	0.55	1.153442e+03
-15	0.6	1.101336e+03
-15	0.65	1.165721e+03
-15	0.7	1.176275e+03
-15	0.75	1.129986e+03
-15	0.8	1.236087e+03
-15	0.85	1.139708e+03
-15	0.9	1.224261e+03
-15	0.95	1.168096e+03
-15	1	1.195657e+03

-14	0	8.073395e+02
-14	0.05	7.566029e+02
-14	0.1	7.919652e+02
-14	0.15	7.750680e+02
-14	0.2	7.979375e+02
-14	0.25	9.214598e+02
-14	0.3	8.096656e+02
-14	0.35	9.348013e+02
-14	0.4	8.835009e+02
-14	0.45	9.000233e+02
-14	0.5	9.001625e+02
-14	0.55	9.605284e+02
-14	0.6	9.002038e+02
-14	0.65	9.036445e+02
-14	0.7	1.048291e+03
-14	0.75	9.885436e+02
-14	0.8	1.065935e+03
-14	0.85	9.377316e+02
-14	0.9	9.756876e+02
-14	0.95	9.241493e+02
-14	1	9.200460e+02

-13	0	6.190480e+02
-13	0.05	5.956074e+02
-13	0.1	6.847644e+02
-13	0.15	6.102002e+02
-13	0.2	6.377474e+02
-13	0.25	6.510297e+02
-13	0.3	7.085101e+02
-13	0.35	6.954973e+02
-13	0.4	6.665723e+02
-13	0.45	6.987649e+02
-13	0.5	7.386055e+02
-13	0.55	7.594841e+02
-13	0.6	7.399475e+02
-13	0.65	7.455773e+02
-13	0.7	7.401223e+02
-13	0.75	6.973549e+02
-13	0.8	7.418154e+02
-13	0.85	7.571548e+02
-13	0.9	8.181734e+02
-13	0.95	7.502072e+02
-13	1	7.375888e+02

-12	0	5.096151e+02
-12	0.05	5.006627e+02
-12	0.1	5.150370e+02
-12	0.15	4.953887e+02
-12	0.2	5.119781e+02
-12	0.25	5.074219e+02
-12	0.3	5.336494e+02
-12	0.35	4.995605e+02
-12	0.4	5.263429e+02
-12	0.45	5.055124e+02
-12	0.5	5.845406e+02
-12	0.55	5.599502e+02
-12	0.6	5.821575e+02
-12	0.65	6.440716e+02
-12	0.7	5.942539e+02
-12	0.75	5.630986e+02
-12	0.8	5.468304e+02
-12	0.85	6.031268e+02
-12	0.9	5.508858e+02
-12	0.95	5.400445e+02
-12	1	5.947419e+02

-11	0	4.358080e+02
-11	0.05	3.677424e+02
-11	0.1	3.886210e+02
-11	0.15	4.035577e+02
-11	0.2	4.026584e+02
-11	0.25	4.230609e+02
-11	0.3	4.451242e+02
-11	0.35	4.325863e+02
-11	0.4	4.519595e+02
-11	0.45	4.577312e+02
-11	0.5	4.330764e+02
-11	0.55	4.680986e+02
-11	0.6	4.644625e+02
-11	0.65	4.568742e+02
-11	0.7	4.650310e+02
-11	0.75	4.886019e+02
-11	0.8	4.618461e+02
-11	0.85	4.865065e+02
-11	0.9	4.622380e+02
-11	0.95	4.657709e+02
-11	1	4.479790e+02

-10	0	3.191151e+02
-10	0.05	3.201839e+02
-10	0.1	3.112461e+02
-10	0.15	3.475783e+02
-10	0.2	3.240931e+02
-10	0.25	3.378693e+02
-10	0.3	3.317555e+02
-10	0.35	3.164179e+02
-10	0.4	3.662567e+02
-10	0.45	3.609741e+02
-10	0.5	3.696967e+02
-10	0.55	3.585155e+02
-10	0.6	3.539762e+02
-10	0.65	3.583138e+02
-10	0.7	3.860565e+02
-10	0.75	3.831256e+02
-10	0.8	3.923455e+02
-10	0.85	3.918004e+02
-10	0.9	3.816524e+02
-10	0.95	3.760679e+02
-10	1	3.920199e+02

-9	0	2.476118e+02
-9	0.05	2.598281e+02
-9	0.1	2.643433e+02
-9	0.15	2.727278e+02
-9	0.2	2.800392e+02
-9	0.25	2.857447e+02
-9	0.3	2.582689e+02
-9	0.35	2.937399e+02
-9	0.4	2.768153e+02
-9	0.45	2.840097e+02
-9	0.5	2.590528e+02
-9	0.55	2.834108e+02
-9	0.6	3.085072e+02
-9	0.65	2.884053e+02
-9	0.7	3.169313e+02
-9	0.75	2.781039e+02
-9	0.8	2.948151e+02
-9	0.85	3.069038e+02
-9	0.9	2.877193e+02
-9	0.95	2.877898e+02
-9	1	2.657958e+02

-8	0	2.091814e+02
-8	0.05	2.226413e+02
-8	0.1	2.133599e+02
-8	0.15	2.214323e+02
-8	0.2	2.222145e+02
-8	0.25	2.279419e+02
-8	0.3	2.277997e+02
-8	0.35	2.048513e+02
-8	0.4	2.293024e+02
-8	0.45	2.080876e+02
-8	0.5	2.260853e+02
-8	0.55	2.241657e+02
-8	0.6	2.299503e+02
-8	0.65	2.227571e+02
-8	0.7	2.249577e+02
-8	0.75	2.333813e+02
-8	0.8	2.418877e+02
-8	0.85	2.492737e+02
-8	0.9	2.432053e+02
-8	0.95	2.159561e+02
-8	1	2.356802e+02

-7	0	1.707545e+02
-7	0.05	1.688842e+02
-7	0.1	1.715594e+02
-7	0.15	1.774924e+02
-7	0.2	1.677543e+02
-7	0.25	1.785233e+02
-7	0.3	1.635250e+02
-7	0.35	1.794469e+02
-7	0.4	1.800312e+02
-7	0.45	1.738723e+02
-7	0.5	1.853987e+02
-7	0.55	1.960423e+02
-7	0.6	1.889280e+02
-7	0.65	1.921854e+02
-7	0.7	1.833397e+02
-7	0.75	1.927561e+02
-7	0.8	1.821056e+02
-7	0.85	1.842701e+02
-7	0.9	1.796733e+02
-7	0.95	1.901301e+02
-7	1	1.787182e+02

-6	0	1.341936e+02
-6	0.05	1.372342e+02
-6	0.1	1.427360e+02
-6	0.15	1.410597e+02
-6	0.2	1.335799e+02
-6	0.25	1.386283e+02
-6	0.3	1.424465e+02
-6	0.35	1.436772e+02
-6	0.4	1.384563e+02
-6	0.45	1.342745e+02
-6	0.5	1.431397e+02
-6	0.55	1.455619e+02
-6	0.6	1.334308e+02
-6	0.65	1.419367e+02
-6	0.7	1.537797e+02
-6	0.75	1.576642e+02
-6	0.8	1.418110e+02
-6	0.85	1.527839e+02
-6	0.9	1.424615e+02
-6	0.95	1.475430e+02
-6	1	1.365144e+02

-5	0	1.174025e+02
-5	0.05	1.204713e+02
-5	0.1	1.147764e+02
-5	0.15	1.040226e+02
-5	0.2	1.096460e+02
-5	0.25	1.112172e+02
-5	0.3	1.053918e+02
-5	0.35	1.098414e+02
-5	0.4	1.128526e+02
-5	0.45	1.166730e+02
-5	0.5	1.166531e+02
-5	0.55	1.189600e+02
-5	0.6	1.197317e+02
-5	0.65	1.182732e+02
-5	0.7	1.186754e+02
-5	0.75	1.174732e+02
-5	0.8	1.188916e+02
-5	0.85	1.187128e+02
-5	0.9	1.199427e+02
-5	0.95	1.209764e+02
-5	1	1.201443e+02

-4	0	9.582048e+01
-4	0.05	9.657034e+01
-4	0.1	1.014694e+02
-4	0.15	9.332044e+01
-4	0.2	9.959806e+01
-4	0.25	9.412104e+01
-4	0.3	9.400946e+01
-4	0.35	8.986284e+01
-4	0.4	8.757165e+01
-4	0.45	9.704829e+01
-4	0.5	8.863447e+01
-4	0.55	9.154482e+01
-4	0.6	9.229947e+01
-4	0.65	9.210273e+01
-4	0.7	8.707938e+01
-4	0.75	9.961148e+01
-4	0.8	8.719335e+01
-4	0.85	9.181343e+01
-4	0.9	9.468854e+01
-4	0.95	8.841933e+01
-4	1	8.897919e+01

-3	0	8.372138e+01
-3	0.05	7.993270e+01
-3	0.1	7.373326e+01
-3	0.15	7.740052e+01
-3	0.2	7.785364e+01
-3	0.25	7.132214e+01
-3	0.3	7.154587e+01
-3	0.35	6.752537e+01
-3	0.4	7.193973e+01
-3	0.45	7.149233e+01
-3	0.5	7.270949e+01
-3	0.55	7.420694e+01
-3	0.6	7.142659e+01
-3	0.65	7.300657e+01
-3	0.7	7.852617e+01
-3	0.75	7.810601e+01
-3	0.8	7.517963e+01
-3	0.85	7.571531e+01
-3	0.9	7.657883e+01
-3	0.95	7.326344e+01
-3	1	7.189226e+01

-2	0	7.060716e+01
-2	0.05	6.751616e+01
-2	0.1	6.688522e+01
-2	0.15	6.579227e+01
-2	0.2	6.631687e+01
-2	0.25	6.299177e+01
-2	0.3	6.136528e+01
-2	0.35	6.034847e+01
-2	0.4	6.173893e+01
-2	0.45	5.477941e+01
-2	0.5	5.859049e+01
-2	0.55	5.904927e+01
-2	0.6	5.854668e+01
-2	0.65	5.949386e+01
-2	0.7	6.765576e+01
-2	0.75	6.047091e+01
-2	0.8	6.697983e+01
-2	0.85	6.351161e+01
-2	0.9	6.457691e+01
-2	0.95	5.871593e+01
-2	1	6.477911e+01

-1	0	5.268819e+01
-1	0.05	5.809897e+01
-1	0.1	5.778241e+01
-1	0.15	5.020187e+01
-1	0.2	5.239383e+01
-1	0.25	5.312641e+01
-1	0.3	4.531599e+01
-1	0.35	5.033344e+01
-1	0.4	4.212434e+01
-1	0.45	4.572511e+01
-1	0.5	4.820254e+01
-1	0.55	4.622472e+01
-1	0.6	4.723125e+01
-1	0.65	4.635023e+01
-1	0.7	4.681605e+01
-1	0.75	5.395120e+01
-1	0.8	5.315858e+01
-1	0.85	4.704690e+01
-1	0.9	4.974451e+01
-1	0.95	4.657397e+01
-1	1	4.826265e+01

0	0	4.452967e+01
0	0.05	4.873936e+01
0	0.1	4.752228e+01
0	0.15	4.762194e+01
0	0.2	4.459945e+01
0	0.25	4.267953e+01
0	0.3	4.025036e+01
0	0.35	3.820313e+01
0	0.4	3.577290e+01
0	0.45	3.753878e+01
0	0.5	3.577056e+01
0	0.55	3.683572e+01
0	0.6	3.809598e+01
0	0.65	3.769425e+01
0	0.7	3.663611e+01
0	0.75	3.886768e+01
0	0.8	3.775298e+01
0	0.85	3.811304e+01
0	0.9	3.647292e+01
0	0.95	3.953596e+01
0	1	3.773155e+01

1	0	3.720227e+01
1	0.05	4.068703e+01
1	0.1	3.919058e+01
1	0.15	3.855350e+01
1	0.2	3.809100e+01
1	0.25	3.428900e+01
1	0.3	3.363634e+01
1	0.35	3.212403e+01
1	0.4	3.023426e+01
1	0.45	2.927439e+01
1	0.5	2.893977e+01
1	0.55	3.123542e+01
1	0.6	3.038979e+01
1	0.65	2.919087e+01
1	0.7	2.961737e+01
1	0.75	3.086810e+01
1	0.8	2.913848e+01
1	0.85	3.036869e+01
1	0.9	3.239661e+01
1	0.95	3.224008e+01
1	1	2.877987e+01

2	0	3.554046e+01
2	0.05	3.335016e+01
2	0.1	3.538138e+01
2	0.15	3.407959e+01
2	0.2	3.334944e+01
2	0.25	2.913825e+01
2	0.3	2.689595e+01
2	0.35	2.766912e+01
2	0.4	2.340013e+01
2	0.45	2.332091e+01
2	0.5	2.384478e+01
2	0.55	2.334898e+01
2	0.6	2.397460e+01
2	0.65	2.335762e+01
2	0.7	2.610811e+01
2	0.75	2.423557e+01
2	0.8	2.531077e+01
2	0.85	2.404741e+01
2	0.9	2.660099e+01
2	0.95	2.216175e+01
2	1	2.305171e+01

3	0	3.021360e+01
3	0.05	3.100209e+01
3	0.1	3.165327e+01
3	0.15	2.984810e+01
3	0.2	2.759032e+01
3	0.25	2.502226e+01
3	0.3	2.439179e+01
3	0.35	2.122586e+01
3	0.4	2.080748e+01
3	0.45	1.927006e+01
3	0.5	1.897551e+01
3	0.55	1.886592e+01
3	0.6	1.960677e+01
3	0.65	1.906884e+01
3	0.7	1.988112e+01
3	0.75	2.085152e+01
3	0.8	2.080987e+01
3	0.85	1.999882e+01
3	0.9	1.826374e+01
3	0.95	1.924304e+01
3	1	1.820202e+01

4	0	2.711728e+01
4	0.05	2.895871e+01
4	0.1	2.804462e+01
4	0.15	2.737048e+01
4	0.2	2.661449e+01
4	0.25	2.359613e+01
4	0.3	2.114623e+01
4	0.35	1.844306e+01
4	0.4	1.630681e+01
4	0.45	1.535718e+01
4	0.5	1.484850e+01
4	0.55	1.595613e+01
4	0.6	1.518823e+01
4	0.65	1.477620e+01
4	0.7	1.546213e+01
4	0.75	1.609415e+01
4	0.8	1.569879e+01
4	0.85	1.690246e+01
4	0.9	1.565422e+01
4	0.95	1.707306e+01
4	1	1.561320e+01

5	0	2.527046e+01
5	0.05	2.405687e+01
5	0.1	2.649848e+01
5	0.15	2.516929e+01
5	0.2	2.256405e+01
5	0.25	2.021592e+01
5	0.3	1.731268e+01
5	0.35	1.498408e+01
5	0.4	1.375558e+01
5	0.45	1.268607e+01
5	0.5	1.245341e+01
5	0.55	1.241876e+01
5	0.6	1.176869e+01
5	0.65	1.415777e+01
5	0.7	1.263930e+01
5	0.75	1.317005e+01
5	0.8	1.253380e+01
5	0.85	1.363137e+01
5	0.9	1.253698e+01
5	0.95	1.240786e+01
5	1	1.239980e+01

6	0	2.329494e+01
6	0.05	2.422177e+01
6	0.1	2.500699e+01
6	0.15	2.244521e+01
6	0.2	2.100110e+01
6	0.25	1.728408e+01
6	0.3	1.542519e+01
6	0.35	1.314138e+01
6	0.4	1.209354e+01
6	0.45	9.940774e+00
6	0.5	9.877468e+00
6	0.55	9.964065e+00
6	0.6	9.381288e+00
6	0.65	1.039104e+01
6	0.7	9.634570e+00
6	0.75	1.066973e+01
6	0.8	1.083114e+01
6	0.85	1.161828e+01
6	0.9	1.053041e+01
6	0.95	9.771700e+00
6	1	1.014598e+01

7	0	2.007775e+01
7	0.05	2.096530e+01
7	0.1	2.244246e+01
7	0.15	2.060190e+01
7	0.2	1.947704e+01
7	0.25	1.673393e+01
7	0.3	1.397740e+01
7	0.35	1.108548e+01
7	0.4	9.668543e+00
7	0.45	9.135475e+00
7	0.5	8.549291e+00
7	0.55	8.609827e+00
7	0.6	8.497032e+00
7	0.65	8.878110e+00
7	0.7	9.370611e+00
7	0.75	9.467406e+00
7	0.8	8.986489e+00
7	0.85	9.523058e+00
7	0.9	8.758355e+00
7	0.95	8.703567e+00
7	1	8.027791e+00

8	0	2.126992e+01
8	0.05	2.121193e+01
8	0.1	2.102464e+01
8	0.15	1.986579e+01
8	0.2	1.753040e+01
8	0.25	1.672265e+01
8	0.3	1.302959e+01
8	0.35	9.921800e+00
8	0.4	8.339340e+00
8	0.45	7.373393e+00
8	0.5	6.444616e+00
8	0.55	6.549514e+00
8	0.6	6.828318e+00
8	0.65	7.063127e+00
8	0.7	7.213123e+00
8	0.75	7.316313e+00
8	0.8	7.255293e+00
8	0.85	7.011330e+00
8	0.9	7.011456e+00
8	0.95	6.798957e+00
8	1	6.522013e+00

9	0	1.873112e+01
9	0.05	1.994417e+01
9	0.1	2.015098e+01
9	0.15	1.971529e+01
9	0.2	1.667428e+01
9	0.25	1.477049e+01
9	0.3	1.117224e+01
9	0.35	9.159922e+00
9	0.4	7.255710e+00
9	0.45	6.042546e+00
9	0.5	5.665896e+00
9	0.55	5.115530e+00
9	0.6	5.469009e+00
9	0.65	6.001025e+00
9	0.7	5.506300e+00
9	0.75	6.023153e+00
9	0.8	5.679021e+00
9	0.85	5.863650e+00
9	0.9	5.589921e+00
9	0.95	5.615810e+00
9	1	5.391766e+00

10	0	1.866943e+01
10	0.05	1.913974e+01
10	0.1	1.941770e+01
10	0.15	1.795004e+01
10	0.2	1.563372e+01
10	0.25	1.324233e+01
10	0.3	1.021753e+01
10	0.35	8.517459e+00
10	0.4	6.554661e+00
10	0.45	5.290083e+00
10	0.5	4.351542e+00
10	0.55	4.295140e+00
10	0.6	4.894476e+00
10	0.65	4.644979e+00
10	0.7	5.316822e+00
10	0.75	5.109822e+00
10	0.8	4.713732e+00
10	0.85	4.956165e+00
10	0.9	4.839295e+00
10	0.95	4.752348e+00
10	1	4.948263e+00

11	0	1.807565e+01
11	0.05	1.844082e+01
11	0.1	1.957792e+01
11	0.15	1.815442e+01
11	0.2	1.504867e+01
11	0.25	1.240620e+01
11	0.3	1.003034e+01
11	0.35	7.100042e+00
11	0.4	5.642279e+00
11	0.45	4.795728e+00
11	0.5	4.202608e+00
11	0.55	3.873137e+00
11	0.6	3.441724e+00
11	0.65	4.169457e+00
11	0.7	4.530532e+00
11	0.75	4.668122e+00
11	0.8	4.337463e+00
11	0.85	4.369532e+00
11	0.9	4.207024e+00
11	0.95	3.820271e+00
11	1	3.561264e+00

12	0	1.682357e+01
12	0.05	1.904716e+01
12	0.1	1.802534e+01
12	0.15	1.714837e+01
12	0.2	1.484960e+01
12	0.25	1.186975e+01
12	0.3	9.993177e+00
12	0.35	6.909089e+00
12	0.4	5.194602e+00
12	0.45	3.823982e+00
12	0.5	3.814517e+00
12	0.55	2.933572e+00
12	0.6	3.223735e+00
12	0.65	3.644479e+00
12	0.7	3.869391e+00
12	0.75	3.817745e+00
12	0.8	3.578322e+00
12	0.85	3.434191e+00
12	0.9	3.367312e+00
12	0.95	3.212063e+00
12	1	3.206745e+00

13	0	1.642322e+01
13	0.05	1.823996e+01
13	0.1	1.799067e+01
13	0.15	1.639381e+01
13	0.2	1.426085e+01
13	0.25	1.164360e+01
13	0.3	9.165057e+00
13	0.35	6.646693e+00
13	0.4	4.746792e+00
13	0.45	3.419374e+00
13	0.5	2.791577e+00
13	0.55	2.722688e+00
13	0.6	2.824640e+00
13	0.65	2.952245e+00
13	0.7	3.289085e+00
13	0.75	3.224877e+00
13	0.8	3.576985e+00
13	0.85	3.222430e+00
13	0.9	2.885073e+00
13	0.95	2.784601e+00
13	1	2.754925e+00

14	0	1.600486e+01
14	0.05	1.776786e+01
14	0.1	1.785144e+01
14	0.15	1.590399e+01
14	0.2	1.415502e+01
14	0.25	1.124361e+01
14	0.3	8.465108e+00
14	0.35	6.443932e+00
14	0.4	4.391959e+00
14	0.45	3.163552e+00
14	0.5	2.458699e+00
14	0.55	2.275515e+00
14	0.6	2.426872e+00
14	0.65	2.558582e+00
14	0.7	2.814514e+00
14	0.75	2.933659e+00
14	0.8	2.955872e+00
14	0.85	2.826101e+00
14	0.9	2.296790e+00
14	0.95	2.419393e+00
14	1	2.339873e+00

15	0	1.607851e+01
15	0.05	1.734526e+01
15	0.1	1.767004e+01
15	0.15	1.621193e+01
15	0.2	1.373250e+01
15	0.25	1.111416e+01
15	0.3	8.382761e+00
15	0.35	5.768710e+00
15	0.4	4.082183e+00
15	0.45	2.961729e+00
15	0.5	2.092847e+00
15	0.55	2.083936e+00
15	0.6	2.003406e+00
15	0.65	2.143095e+00
15	0.7	2.541795e+00
15	0.75	2.608112e+00
15	0.8	2.588561e+00
15	0.85	2.566046e+00
15	0.9	2.266363e+00
15	0.95	2.059643e+00
15	1	2.108667e+00

16	0	1.601879e+01
16	0.05	1.727437e+01
16	0.1	1.691592e+01
16	0.15	1.575435e+01
16	0.2	1.327714e+01
16	0.25	1.087427e+01
16	0.3	8.037023e+00
16	0.35	5.699426e+00
16	0.4	3.838333e+00
16	0.45	2.864863e+00
16	0.5	1.905461e+00
16	0.55	1.680233e+00
16	0.6	1.746627e+00
16	0.65	2.151386e+00
16	0.7	2.246709e+00
16	0.75	2.250085e+00
16	0.8	2.318350e+00
16	0.85	2.165831e+00
16	0.9	1.947041e+00
16	0.95	1.887899e+00
16	1	1.812672e+00

17	0	1.569907e+01
17	0.05	1.704899e+01
17	0.1	1.713518e+01
17	0.15	1.542821e+01
17	0.2	1.314871e+01
17	0.25	1.074795e+01
17	0.3	8.078181e+00
17	0.35	5.802540e+00
17	0.4	3.861489e+00
17	0.45	2.516177e+00
17	0.5	1.737424e+00
17	0.55	1.598213e+00
17	0.6	1.741473e+00
17	0.65	1.871120e+00
17	0.7	2.106415e+00
17	0.75	2.190667e+00
17	0.8	2.151649e+00
17	0.85	2.173577e+00
17	0.9	1.775927e+00
17	0.95	1.682610e+00
17	1	1.696340e+00

18	0	1.563167e+01
18	0.05	1.660859e+01
18	0.1	1.707393e+01
18	0.15	1.536880e+01
18	0.2	1.311827e+01
18	0.25	1.079474e+01
18	0.3	7.558237e+00
18	0.35	5.806054e+00
18	0.4	3.592197e+00
18	0.45	2.361316e+00
18	0.5	1.613004e+00
18	0.55	1.367680e+00
18	0.6	1.424226e+00
18	0.65	1.740938e+00
18	0.7	1.866920e+00
18	0.75	2.007068e+00
18	0.8	1.883974e+00
18	0.85	1.848181e+00
18	0.9	1.761408e+00
18	0.95	1.595395e+00
18	1	1.434439e+00

19	0	1.535666e+01
19	0.05	1.677418e+01
19	0.1	1.673275e+01
19	0.15	1.535948e+01
19	0.2	1.314602e+01
19	0.25	1.042335e+01
19	0.3	8.015332e+00
19	0.35	5.197456e+00
19	0.4	3.438452e+00
19	0.45	2.258821e+00
19	0.5	1.521020e+00
19	0.55	1.433839e+00
19	0.6	1.464694e+00
19	0.65	1.676118e+00
19	0.7	1.888122e+00
19	0.75	1.892854e+00
19	0.8	1.854537e+00
19	0.85	1.744511e+00
19	0.9	1.478587e+00
19	0.95	1.338296e+00
19	1	1.239818e+00

20	0	1.523797e+01
20	0.05	1.684363e+01
20	0.1	1.668302e+01
20	0.15	1.525873e+01
20	0.2	1.318707e+01
20	0.25	1.050278e+01
20	0.3	7.733850e+00
20	0.35	5.369626e+00
20	0.4	3.521128e+00
20	0.45	2.115585e+00
20	0.5	1.433547e+00
20	0.55	1.261827e+00
20	0.6	1.292794e+00
20	0.65	1.524659e+00
20	0.7	1.768436e+00
20	0.75	1.832553e+00
20	0.8	1.880898e+00
20	0.85	1.644120e+00
20	0.9	1.447903e+00
20	0.95	1.322585e+00
20	1	1.254248e+00

