SNR_dB	RollOff	MSE
-20	0.00	3.552401e+02
-20	0.05	3.416498e+02
-20	0.10	3.508530e+02
-20	0.15	3.425811e+02
-20	0.20	3.611488e+02
-20	0.25	3.705835e+02
-20	0.30	3.661427e+02
-20	0.35	3.841726e+02
-20	0.40	3.605371e+02
-20	0.45	3.606454e+02
-20	0.50	3.656083e+02
-20	0.55	3.642037e+02
-20	0.60	3.479549e+02
-20	0.65	3.586791e+02
-20	0.70	3.597173e+02
-20	0.75	3.684544e+02
-20	0.80	3.522143e+02
-20	0.85	3.753211e+02
-20	0.90	3.610289e+02
-20	0.95	3.697199e+02
-20	1.00	3.650551e+02

-19	0.00	2.820659e+02
-19	0.05	2.743760e+02
-19	0.10	2.661486e+02
-19	0.15	2.976051e+02
-19	0.20	2.986105e+02
-19	0.25	3.029871e+02
-19	0.30	2.985762e+02
-19	0.35	2.863782e+02
-19	0.40	2.888625e+02
-19	0.45	2.734026e+02
-19	0.50	2.831326e+02
-19	0.55	2.910199e+02
-19	0.60	2.926871e+02
-19	0.65	2.951752e+02
-19	0.70	2.944917e+02
-19	0.75	2.837170e+02
-19	0.80	2.883957e+02
-19	0.85	2.980488e+02
-19	0.90	2.890589e+02
-19	0.95	2.836608e+02
-19	1.00	2.914736e+02

-18	0.00	2.178385e+02
-18	0.05	2.249800e+02
-18	0.10	2.255925e+02
-18	0.15	2.244159e+02
-18	0.20	2.268448e+02
-18	0.25	2.224112e+02
-18	0.30	2.284575e+02
-18	0.35	2.328691e+02
-18	0.40	2.334779e+02
-18	0.45	2.179769e+02
-18	0.50	2.298063e+02
-18	0.55	2.293667e+02
-18	0.60	2.384734e+02
-18	0.65	2.232430e+02
-18	0.70	2.254874e+02
-18	0.75	2.194965e+02
-18	0.80	2.336487e+02
-18	0.85	2.280393e+02
-18	0.90	2.300548e+02
-18	0.95	2.343389e+02
-18	1.00	2.350210e+02

-17	0.00	1.758840e+02
-17	0.05	1.758133e+02
-17	0.10	1.791711e+02
-17	0.15	1.778227e+02
-17	0.20	1.771001e+02
-17	0.25	1.905221e+02
-17	0.30	1.832352e+02
-17	0.35	1.850989e+02
-17	0.40	1.839324e+02
-17	0.45	1.845197e+02
-17	0.50	1.842549e+02
-17	0.55	1.842409e+02
-17	0.60	1.857890e+02
-17	0.65	1.958231e+02
-17	0.70	1.842626e+02
-17	0.75	1.921622e+02
-17	0.80	1.759171e+02
-17	0.85	1.837016e+02
-17	0.90	1.789777e+02
-17	0.95	1.842196e+02
-17	1.00	1.842386e+02

-16	0.00	1.358396e+02
-16	0.05	1.403593e+02
-16	0.10	1.419170e+02
-16	0.15	1.451604e+02
-16	0.20	1.451515e+02
-16	0.25	1.469365e+02
-16	0.30	1.483881e+02
-16	0.35	1.506657e+02
-16	0.40	1.405263e+02
-16	0.45	1.441959e+02
-16	0.50	1.436868e+02
-16	0.55	1.411231e+02
-16	0.60	1.349938e+02
-16	0.65	1.428701e+02
-16	0.70	1.440902e+02
-16	0.75	1.385011e+02
-16	0.80	1.439837e+02
-16	0.85	1.461344e+02
-16	0.90	1.455152e+02
-16	0.95	1.490608e+02
-16	1.00	1.400631e+02

-15	0.00	1.120935e+02
-15	0.05	1.120175e+02
-15	0.10	1.139284e+02
-15	0.15	1.154097e+02
-15	0.20	1.180659e+02
-15	0.25	1.178017e+02
-15	0.30	1.146383e+02
-15	0.35	1.149568e+02
-15	0.40	1.140371e+02
-15	0.45	1.148188e+02
-15	0.50	1.160965e+02
-15	0.55	1.176019e+02
-15	0.60	1.128793e+02
-15	0.65	1.136900e+02
-15	0.70	1.149993e+02
-15	0.75	1.149959e+02
-15	0.80	1.125488e+02
-15	0.85	1.177883e+02
-15	0.90	1.179170e+02
-15	0.95	1.127230e+02
-15	1.00	1.108955e+02

-14	0.00	8.633852e+01
-14	0.05	8.795513e+01
-14	0.10	8.870944e+01
-14	0.15	9.342202e+01
-14	0.20	8.822613e+01
-14	0.25	9.482682e+01
-14	0.30	9.087386e+01
-14	0.35	9.109857e+01
-14	0.40	9.224283e+01
-14	0.45	9.426482e+01
-14	0.50	9.283069e+01
-14	0.55	9.466115e+01
-14	0.60	9.365132e+01
-14	0.65	9.317197e+01
-14	0.70	9.650617e+01
-14	0.75	9.073147e+01
-14	0.80	9.020906e+01
-14	0.85	8.988535e+01
-14	0.90	8.876319e+01
-14	0.95	9.661821e+01
-14	1.00	8.979515e+01

-13	0.00	7.375421e+01
-13	0.05	6.837194e+01
-13	0.10	6.878039e+01
-13	0.15	7.182206e+01
-13	0.20	7.288224e+01
-13	0.25	7.661742e+01
-13	0.30	7.454880e+01
-13	0.35	7.452815e+01
-13	0.40	7.277580e+01
-13	0.45	6.951887e+01
-13	0.50	7.115526e+01
-13	0.55	7.368940e+01
-13	0.60	7.458869e+01
-13	0.65	7.163265e+01
-13	0.70	6.931112e+01
-13	0.75	7.509696e+01
-13	0.80	7.294419e+01
-13	0.85	7.424503e+01
-13	0.90	7.422327e+01
-13	0.95	7.047483e+01
-13	1.00	7.097119e+01

-12	0.00	5.408610e+01
-12	0.05	5.513900e+01
-12	0.10	5.687824e+01
-12	0.15	5.710204e+01
-12	0.20	5.631598e+01
-12	0.25	6.027765e+01
-12	0.30	6.005679e+01
-12	0.35	5.800258e+01
-12	0.40	5.451269e+01
-12	0.45	5.706697e+01
-12	0.50	5.887385e+01
-12	0.55	5.790046e+01
-12	0.60	6.102554e+01
-12	0.65	5.662754e+01
-12	0.70	5.652602e+01
-12	0.75	5.818429e+01
-12	0.80	5.797617e+01
-12	0.85	5.846337e+01
-12	0.90	5.457032e+01
-12	0.95	5.709310e+01
-12	1.00	5.900627e+01

-11	0.00	4.529865e+01
-11	0.05	4.671793e+01
-11	0.10	4.404176e+01
-11	0.15	4.233737e+01
-11	0.20	4.566075e+01
-11	0.25	4.786090e+01
-11	0.30	4.525166e+01
-11	0.35	4.540902e+01
-11	0.40	4.497213e+01
-11	0.45	4.491345e+01
-11	0.50	4.411250e+01
-11	0.55	4.647260e+01
-11	0.60	4.550829e+01
-11	0.65	4.700772e+01
-11	0.70	4.552456e+01
-11	0.75	4.613188e+01
-11	0.80	4.650966e+01
-11	0.85	4.579156e+01
-11	0.90	4.534288e+01
-11	0.95	4.410577e+01
-11	1.00	4.648685e+01

-10	0.00	3.574704e+01
-10	0.05	3.634226e+01
-10	0.10	3.685119e+01
-10	0.15	3.706093e+01
-10	0.20	3.636544e+01
-10	0.25	3.591049e+01
-10	0.30	3.576827e+01
-10	0.35	3.810700e+01
-10	0.40	3.724652e+01
-10	0.45	3.578581e+01
-10	0.50	3.748063e+01
-10	0.55	3.594132e+01
-10	0.60	3.657114e+01
-10	0.65	3.819605e+01
-10	0.70	3.637172e+01
-10	0.75	3.896888e+01
-10	0.80	3.741569e+01
-10	0.85	3.665949e+01
-10	0.90	3.597342e+01
-10	0.95	3.663946e+01
-10	1.00	3.804039e+01

-9	0.00	2.770202e+01
-9	0.05	2.870106e+01
-9	0.10	3.102445e+01
-9	0.15	2.923235e+01
-9	0.20	2.869806e+01
-9	0.25	2.911848e+01
-9	0.30	3.055762e+01
-9	0.35	2.913671e+01
-9	0.40	2.899966e+01
-9	0.45	2.725714e+01
-9	0.50	2.936549e+01
-9	0.55	2.936369e+01
-9	0.60	3.000680e+01
-9	0.65	2.830451e+01
-9	0.70	2.944140e+01
-9	0.75	2.869337e+01
-9	0.80	2.800884e+01
-9	0.85	2.992064e+01
-9	0.90	2.962926e+01
-9	0.95	3.072308e+01
-9	1.00	2.859139e+01

-8	0.00	2.435775e+01
-8	0.05	2.330635e+01
-8	0.10	2.348362e+01
-8	0.15	2.270475e+01
-8	0.20	2.356846e+01
-8	0.25	2.338743e+01
-8	0.30	2.310618e+01
-8	0.35	2.314167e+01
-8	0.40	2.204603e+01
-8	0.45	2.328706e+01
-8	0.50	2.395576e+01
-8	0.55	2.315856e+01
-8	0.60	2.337759e+01
-8	0.65	2.315026e+01
-8	0.70	2.328805e+01
-8	0.75	2.292805e+01
-8	0.80	2.294716e+01
-8	0.85	2.320760e+01
-8	0.90	2.294462e+01
-8	0.95	2.319285e+01
-8	1.00	2.294253e+01

-7	0.00	1.944251e+01
-7	0.05	1.934412e+01
-7	0.10	1.834908e+01
-7	0.15	1.800230e+01
-7	0.20	1.870964e+01
-7	0.25	1.876154e+01
-7	0.30	1.926359e+01
-7	0.35	1.796688e+01
-7	0.40	1.864670e+01
-7	0.45	1.864486e+01
-7	0.50	1.943722e+01
-7	0.55	1.917217e+01
-7	0.60	1.915375e+01
-7	0.65	1.876233e+01
-7	0.70	1.834835e+01
-7	0.75	1.784491e+01
-7	0.80	1.887153e+01
-7	0.85	1.876765e+01
-7	0.90	1.827963e+01
-7	0.95	1.862010e+01
-7	1.00	1.865998e+01

-6	0.00	1.600751e+01
-6	0.05	1.612979e+01
-6	0.10	1.588259e+01
-6	0.15	1.454519e+01
-6	0.20	1.541406e+01
-6	0.25	1.534765e+01
-6	0.30	1.516406e+01
-6	0.35	1.459523e+01
-6	0.40	1.500623e+01
-6	0.45	1.447800e+01
-6	0.50	1.534153e+01
-6	0.55	1.507276e+01
-6	0.60	1.446119e+01
-6	0.65	1.457520e+01
-6	0.70	1.485787e+01
-6	0.75	1.464193e+01
-6	0.80	1.392331e+01
-6	0.85	1.479118e+01
-6	0.90	1.432139e+01
-6	0.95	1.480808e+01
-6	1.00	1.489638e+01

-5	0.00	1.291076e+01
-5	0.05	1.329293e+01
-5	0.10	1.219560e+01
-5	0.15	1.182876e+01
-5	0.20	1.227683e+01
-5	0.25	1.206465e+01
-5	0.30	1.170150e+01
-5	0.35	1.166047e+01
-5	0.40	1.164961e+01
-5	0.45	1.193201e+01
-5	0.50	1.151434e+01
-5	0.55	1.201277e+01
-5	0.60	1.249277e+01
-5	0.65	1.207503e+01
-5	0.70	1.162691e+01
-5	0.75	1.202808e+01
-5	0.80	1.173778e+01
-5	0.85	1.212904e+01
-5	0.90	1.203616e+01
-5	0.95	1.208959e+01
-5	1.00	1.197114e+01

-4	0.00	1.083087e+01
-4	0.05	1.119136e+01
-4	0.10	1.033148e+01
-4	0.15	9.683018e+00
-4	0.20	9.625046e+00
-4	0.25	9.565400e+00
-4	0.30	9.109277e+00
-4	0.35	9.632008e+00
-4	0.40	9.570885e+00
-4	0.45	9.422600e+00
-4	0.50	9.339749e+00
-4	0.55	9.500294e+00
-4	0.60	8.923069e+00
-4	0.65	9.284938e+00
-4	0.70	9.615778e+00
-4	0.75	9.605885e+00
-4	0.80	9.301367e+00
-4	0.85	9.738477e+00
-4	0.90	9.581786e+00
-4	0.95	9.553069e+00
-4	1.00	9.641478e+00

-3	0.00	8.993622e+00
-3	0.05	9.610938e+00
-3	0.10	8.102190e+00
-3	0.15	7.694682e+00
-3	0.20	7.864254e+00
-3	0.25	7.710221e+00
-3	0.30	7.373351e+00
-3	0.35	7.761813e+00
-3	0.40	7.521841e+00
-3	0.45	7.588464e+00
-3	0.50	7.700333e+00
-3	0.55	7.450601e+00
-3	0.60	7.487707e+00
-3	0.65	8.014974e+00
-3	0.70	7.322389e+00
-3	0.75	7.652791e+00
-3	0.80	7.836147e+00
-3	0.85	7.877553e+00
-3	0.90	7.961530e+00
-3	0.95	7.549617e+00
-3	1.00	7.690621e+00

-2	0.00	7.738578e+00
-2	0.05	7.736557e+00
-2	0.10	6.701304e+00
-2	0.15	5.952509e+00
-2	0.20	5.864111e+00
-2	0.25	6.343113e+00
-2	0.30	6.062213e+00
-2	0.35	6.292865e+00
-2	0.40	5.837544e+00
-2	0.45	5.987683e+00
-2	0.50	6.138218e+00
-2	0.55	6.157902e+00
-2	0.60	6.225783e+00
-2	0.65	6.227258e+00
-2	0.70	6.293821e+00
-2	0.75	6.032501e+00
-2	0.80	5.856566e+00
-2	0.85	6.137756e+00
-2	0.90	6.260551e+00
-2	0.95	5.952258e+00
-2	1.00	5.864912e+00

-1	0.00	6.742013e+00
-1	0.05	6.561254e+00
-1	0.10	5.580447e+00
-1	0.15	4.870798e+00
-1	0.20	4.857584e+00
-1	0.25	4.995474e+00
-1	0.30	5.049177e+00
-1	0.35	4.864985e+00
-1	0.40	4.830460e+00
-1	0.45	4.960230e+00
-1	0.50	4.975243e+00
-1	0.55	5.014323e+00
-1	0.60	5.010178e+00
-1	0.65	4.654781e+00
-1	0.70	4.727244e+00
-1	0.75	4.974748e+00
-1	0.80	5.015905e+00
-1	0.85	4.995677e+00
-1	0.90	4.852747e+00
-1	0.95	4.952796e+00
-1	1.00	4.975385e+00

0	0.00	5.675201e+00
0	0.05	5.571986e+00
0	0.10	4.896057e+00
0	0.15	4.146013e+00
0	0.20	3.907419e+00
0	0.25	4.038165e+00
0	0.30	3.996781e+00
0	0.35	4.040990e+00
0	0.40	4.095823e+00
0	0.45	3.942297e+00
0	0.50	3.967405e+00
0	0.55	3.898487e+00
0	0.60	4.092556e+00
0	0.65	4.068594e+00
0	0.70	4.038724e+00
0	0.75	3.909803e+00
0	0.80	3.991024e+00
0	0.85	4.084674e+00
0	0.90	3.934768e+00
0	0.95	3.966094e+00
0	1.00	4.067114e+00

1	0.00	4.965433e+00
1	0.05	5.078180e+00
1	0.10	3.691741e+00
1	0.15	3.218094e+00
1	0.20	3.203174e+00
1	0.25	3.509447e+00
1	0.30	3.357093e+00
1	0.35	3.151140e+00
1	0.40	3.210576e+00
1	0.45	3.235727e+00
1	0.50	3.047531e+00
1	0.55	3.254463e+00
1	0.60	3.390149e+00
1	0.65	3.302727e+00
1	0.70	3.253986e+00
1	0.75	3.388786e+00
1	0.80	3.244932e+00
1	0.85	3.214672e+00
1	0.90	3.210107e+00
1	0.95	3.283621e+00
1	1.00	3.267521e+00

2	0.00	4.490823e+00
2	0.05	4.480398e+00
2	0.10	3.308324e+00
2	0.15	2.578921e+00
2	0.20	2.591979e+00
2	0.25	2.706331e+00
2	0.30	2.719859e+00
2	0.35	2.579198e+00
2	0.40	2.661567e+00
2	0.45	2.629126e+00
2	0.50	2.696259e+00
2	0.55	2.728647e+00
2	0.60	2.641126e+00
2	0.65	2.769019e+00
2	0.70	2.683655e+00
2	0.75	2.561789e+00
2	0.80	2.758178e+00
2	0.85	2.707347e+00
2	0.90	2.667982e+00
2	0.95	2.730327e+00
2	1.00	2.815838e+00

3	0.00	3.836826e+00
3	0.05	3.988005e+00
3	0.10	2.887774e+00
3	0.15	2.376541e+00
3	0.20	2.209891e+00
3	0.25	2.302553e+00
3	0.30	2.291701e+00
3	0.35	2.160465e+00
3	0.40	2.192661e+00
3	0.45	2.247034e+00
3	0.50	2.036802e+00
3	0.55	2.252211e+00
3	0.60	2.176968e+00
3	0.65	2.160124e+00
3	0.70	2.131106e+00
3	0.75	2.149576e+00
3	0.80	2.173487e+00
3	0.85	2.155897e+00
3	0.90	2.119055e+00
3	0.95	2.157481e+00
3	1.00	2.142897e+00

4	0.00	3.489681e+00
4	0.05	3.712398e+00
4	0.10	2.751264e+00
4	0.15	1.914342e+00
4	0.20	1.778300e+00
4	0.25	1.910173e+00
4	0.30	1.823919e+00
4	0.35	1.744673e+00
4	0.40	1.815469e+00
4	0.45	1.865993e+00
4	0.50	1.911515e+00
4	0.55	1.747542e+00
4	0.60	1.914817e+00
4	0.65	1.831117e+00
4	0.70	1.832803e+00
4	0.75	1.737797e+00
4	0.80	1.773523e+00
4	0.85	1.884793e+00
4	0.90	1.871852e+00
4	0.95	1.882392e+00
4	1.00	1.762869e+00

5	0.00	3.281349e+00
5	0.05	3.266801e+00
5	0.10	2.298073e+00
5	0.15	1.563260e+00
5	0.20	1.533761e+00
5	0.25	1.583246e+00
5	0.30	1.498006e+00
5	0.35	1.517601e+00
5	0.40	1.556166e+00
5	0.45	1.470269e+00
5	0.50	1.539568e+00
5	0.55	1.490736e+00
5	0.60	1.517327e+00
5	0.65	1.494752e+00
5	0.70	1.568229e+00
5	0.75	1.531785e+00
5	0.80	1.492475e+00
5	0.85	1.568902e+00
5	0.90	1.623530e+00
5	0.95	1.443166e+00
5	1.00	1.566618e+00

6	0.00	3.078124e+00
6	0.05	3.201816e+00
6	0.10	2.113804e+00
6	0.15	1.364354e+00
6	0.20	1.322017e+00
6	0.25	1.353655e+00
6	0.30	1.308387e+00
6	0.35	1.289152e+00
6	0.40	1.271382e+00
6	0.45	1.236800e+00
6	0.50	1.230301e+00
6	0.55	1.293146e+00
6	0.60	1.267614e+00
6	0.65	1.291914e+00
6	0.70	1.265246e+00
6	0.75	1.261090e+00
6	0.80	1.233556e+00
6	0.85	1.286034e+00
6	0.90	1.270281e+00
6	0.95	1.342454e+00
6	1.00	1.271336e+00

7	0.00	2.821366e+00
7	0.05	3.010872e+00
7	0.10	2.054447e+00
7	0.15	1.178479e+00
7	0.20	1.114344e+00
7	0.25	1.153306e+00
7	0.30	1.110261e+00
7	0.35	1.047952e+00
7	0.40	1.049918e+00
7	0.45	1.087144e+00
7	0.50	1.104090e+00
7	0.55	1.084949e+00
7	0.60	1.050608e+00
7	0.65	1.106635e+00
7	0.70	1.074923e+00
7	0.75	1.066772e+00
7	0.80	1.119368e+00
7	0.85	1.104579e+00
7	0.90	1.071506e+00
7	0.95	1.108574e+00
7	1.00	1.030811e+00

8	0.00	2.641053e+00
8	0.05	2.853380e+00
8	0.10	1.770313e+00
8	0.15	1.070682e+00
8	0.20	9.573650e-01
8	0.25	9.926008e-01
8	0.30	9.685675e-01
8	0.35	9.428851e-01
8	0.40	9.804858e-01
8	0.45	9.476170e-01
8	0.50	9.330834e-01
8	0.55	9.267850e-01
8	0.60	9.119855e-01
8	0.65	9.438984e-01
8	0.70	9.155397e-01
8	0.75	9.113573e-01
8	0.80	9.136668e-01
8	0.85	9.291028e-01
8	0.90	9.188885e-01
8	0.95	9.195437e-01
8	1.00	9.284887e-01

9	0.00	2.569846e+00
9	0.05	2.659766e+00
9	0.10	1.637461e+00
9	0.15	9.378123e-01
9	0.20	8.554361e-01
9	0.25	8.646479e-01
9	0.30	8.326563e-01
9	0.35	8.241885e-01
9	0.40	8.252016e-01
9	0.45	8.515789e-01
9	0.50	8.202207e-01
9	0.55	8.060535e-01
9	0.60	8.242675e-01
9	0.65	8.084334e-01
9	0.70	8.156910e-01
9	0.75	8.149073e-01
9	0.80	8.313761e-01
9	0.85	7.936708e-01
9	0.90	8.034932e-01
9	0.95	8.238871e-01
9	1.00	7.979658e-01

10	0.00	2.596705e+00
10	0.05	2.604551e+00
10	0.10	1.586399e+00
10	0.15	8.456972e-01
10	0.20	7.119377e-01
10	0.25	7.834362e-01
10	0.30	7.234798e-01
10	0.35	6.896253e-01
10	0.40	7.396978e-01
10	0.45	7.112347e-01
10	0.50	7.079081e-01
10	0.55	7.598892e-01
10	0.60	7.012061e-01
10	0.65	7.169405e-01
10	0.70	7.234972e-01
10	0.75	7.191680e-01
10	0.80	7.144808e-01
10	0.85	7.332113e-01
10	0.90	7.091496e-01
10	0.95	7.518968e-01
10	1.00	7.179578e-01

11	0.00	2.485187e+00
11	0.05	2.532286e+00
11	0.10	1.476798e+00
11	0.15	7.723450e-01
11	0.20	6.545436e-01
11	0.25	7.112925e-01
11	0.30	6.568220e-01
11	0.35	6.366088e-01
11	0.40	6.585983e-01
11	0.45	6.491301e-01
11	0.50	6.407475e-01
11	0.55	6.540756e-01
11	0.60	6.563878e-01
11	0.65	6.659508e-01
11	0.70	6.458008e-01
11	0.75	6.566489e-01
11	0.80	6.362714e-01
11	0.85	6.487942e-01
11	0.90	6.369681e-01
11	0.95	6.662552e-01
11	1.00	6.440420e-01

12	0.00	2.398199e+00
12	0.05	2.504706e+00
12	0.10	1.492739e+00
12	0.15	7.142277e-01
12	0.20	5.799469e-01
12	0.25	6.485005e-01
12	0.30	5.994320e-01
12	0.35	5.546140e-01
12	0.40	5.921373e-01
12	0.45	5.972528e-01
12	0.50	5.915691e-01
12	0.55	5.986033e-01
12	0.60	5.898538e-01
12	0.65	5.841337e-01
12	0.70	5.880252e-01
12	0.75	5.538028e-01
12	0.80	5.699810e-01
12	0.85	5.659546e-01
12	0.90	5.839840e-01
12	0.95	5.919925e-01
12	1.00	5.955746e-01

13	0.00	2.341383e+00
13	0.05	2.412834e+00
13	0.10	1.417333e+00
13	0.15	6.253438e-01
13	0.20	5.391203e-01
13	0.25	6.213524e-01
13	0.30	5.623497e-01
13	0.35	5.431911e-01
13	0.40	5.382220e-01
13	0.45	5.354720e-01
13	0.50	5.419971e-01
13	0.55	5.700281e-01
13	0.60	5.325627e-01
13	0.65	5.294073e-01
13	0.70	5.359543e-01
13	0.75	5.536350e-01
13	0.80	5.683741e-01
13	0.85	5.460995e-01
13	0.90	5.313278e-01
13	0.95	5.313477e-01
13	1.00	5.519052e-01

14	0.00	2.284196e+00
14	0.05	2.402717e+00
14	0.10	1.366268e+00
14	0.15	6.180349e-01
14	0.20	4.989502e-01
14	0.25	5.611295e-01
14	0.30	5.386465e-01
14	0.35	4.971536e-01
14	0.40	5.225221e-01
14	0.45	4.992938e-01
14	0.50	5.002402e-01
14	0.55	4.981451e-01
14	0.60	5.039210e-01
14	0.65	4.910810e-01
14	0.70	4.900838e-01
14	0.75	4.781086e-01
14	0.80	5.101249e-01
14	0.85	5.079321e-01
14	0.90	5.156419e-01
14	0.95	4.983205e-01
14	1.00	4.974103e-01

15	0.00	2.293065e+00
15	0.05	2.370846e+00
15	0.10	1.345756e+00
15	0.15	5.887767e-01
15	0.20	4.920711e-01
15	0.25	5.295652e-01
15	0.30	5.021385e-01
15	0.35	4.759026e-01
15	0.40	4.831028e-01
15	0.45	4.903876e-01
15	0.50	4.776847e-01
15	0.55	4.786192e-01
15	0.60	4.850651e-01
15	0.65	4.703512e-01
15	0.70	4.693958e-01
15	0.75	4.630278e-01
15	0.80	4.719771e-01
15	0.85	4.505865e-01
15	0.90	4.763464e-01
15	0.95	4.745300e-01
15	1.00	4.691716e-01

16	0.00	2.277230e+00
16	0.05	2.345441e+00
16	0.10	1.325002e+00
16	0.15	5.654663e-01
16	0.20	4.595787e-01
16	0.25	5.181162e-01
16	0.30	4.678729e-01
16	0.35	4.457859e-01
16	0.40	4.736533e-01
16	0.45	4.599809e-01
16	0.50	4.462813e-01
16	0.55	4.502325e-01
16	0.60	4.513753e-01
16	0.65	4.505572e-01
16	0.70	4.355862e-01
16	0.75	4.508144e-01
16	0.80	4.484866e-01
16	0.85	4.426818e-01
16	0.90	4.565247e-01
16	0.95	4.450235e-01
16	1.00	4.392975e-01

17	0.00	2.198898e+00
17	0.05	2.351448e+00
17	0.10	1.314236e+00
17	0.15	5.437179e-01
17	0.20	4.360961e-01
17	0.25	5.105648e-01
17	0.30	4.436011e-01
17	0.35	4.265762e-01
17	0.40	4.426665e-01
17	0.45	4.386877e-01
17	0.50	4.257355e-01
17	0.55	4.254207e-01
17	0.60	4.282297e-01
17	0.65	4.347401e-01
17	0.70	4.195921e-01
17	0.75	4.388648e-01
17	0.80	4.291154e-01
17	0.85	4.215105e-01
17	0.90	4.320302e-01
17	0.95	4.212879e-01
17	1.00	4.263226e-01

18	0.00	2.228964e+00
18	0.05	2.299428e+00
18	0.10	1.298295e+00
18	0.15	5.254723e-01
18	0.20	4.268368e-01
18	0.25	4.884825e-01
18	0.30	4.443259e-01
18	0.35	4.023214e-01
18	0.40	4.210822e-01
18	0.45	4.270475e-01
18	0.50	4.109834e-01
18	0.55	4.105276e-01
18	0.60	4.235303e-01
18	0.65	4.151801e-01
18	0.70	4.139145e-01
18	0.75	4.197605e-01
18	0.80	4.073149e-01
18	0.85	4.058420e-01
18	0.90	4.053150e-01
18	0.95	4.072157e-01
18	1.00	4.199390e-01

19	0.00	2.192697e+00
19	0.05	2.309788e+00
19	0.10	1.279966e+00
19	0.15	5.214583e-01
19	0.20	4.057200e-01
19	0.25	4.651967e-01
19	0.30	4.342208e-01
19	0.35	3.994655e-01
19	0.40	4.177447e-01
19	0.45	4.176516e-01
19	0.50	4.040000e-01
19	0.55	3.964314e-01
19	0.60	4.079898e-01
19	0.65	3.999313e-01
19	0.70	3.973838e-01
19	0.75	4.041580e-01
19	0.80	4.089424e-01
19	0.85	4.066847e-01
19	0.90	4.110051e-01
19	0.95	4.073849e-01
19	1.00	4.003029e-01

20	0.00	2.181970e+00
20	0.05	2.298243e+00
20	0.10	1.286312e+00
20	0.15	5.126653e-01
20	0.20	4.038727e-01
20	0.25	4.557638e-01
20	0.30	4.190973e-01
20	0.35	3.921963e-01
20	0.40	4.109365e-01
20	0.45	3.999748e-01
20	0.50	3.859043e-01
20	0.55	3.854209e-01
20	0.60	4.053461e-01
20	0.65	3.884251e-01
20	0.70	3.863325e-01
20	0.75	3.996134e-01
20	0.80	3.883774e-01
20	0.85	3.910111e-01
20	0.90	3.936138e-01
20	0.95	3.972541e-01
20	1.00	3.903542e-01

