SNR_dB	aleph_array	mse_results
-20	0	9.472890e+01
-20	0.05	8.927646e+01
-20	0.1	9.317967e+01
-20	0.15	9.638503e+01
-20	0.2	8.848362e+01
-20	0.25	9.154333e+01
-20	0.3	8.476801e+01
-20	0.35	9.707024e+01
-20	0.4	8.596518e+01
-20	0.45	9.090313e+01
-20	0.5	9.122806e+01
-20	0.55	8.749921e+01
-20	0.6	9.352928e+01
-20	0.65	8.687639e+01
-20	0.7	1.019946e+02
-20	0.75	1.012755e+02
-20	0.8	9.710033e+01
-20	0.85	8.944993e+01
-20	0.9	9.076143e+01
-20	0.95	9.181143e+01
-20	1	9.686651e+01

-19	0	7.764096e+01
-19	0.05	7.626424e+01
-19	0.1	8.142325e+01
-19	0.15	7.820501e+01
-19	0.2	7.824508e+01
-19	0.25	7.038843e+01
-19	0.3	7.307660e+01
-19	0.35	7.415879e+01
-19	0.4	7.415154e+01
-19	0.45	7.265301e+01
-19	0.5	7.034731e+01
-19	0.55	7.304471e+01
-19	0.6	7.559857e+01
-19	0.65	7.391382e+01
-19	0.7	7.690402e+01
-19	0.75	7.873482e+01
-19	0.8	7.840158e+01
-19	0.85	7.893230e+01
-19	0.9	7.233045e+01
-19	0.95	7.933674e+01
-19	1	7.611241e+01

-18	0	5.946917e+01
-18	0.05	6.407343e+01
-18	0.1	6.093150e+01
-18	0.15	6.969882e+01
-18	0.2	6.103505e+01
-18	0.25	5.852741e+01
-18	0.3	6.098874e+01
-18	0.35	5.964924e+01
-18	0.4	6.081475e+01
-18	0.45	6.117711e+01
-18	0.5	5.927923e+01
-18	0.55	5.527759e+01
-18	0.6	6.099400e+01
-18	0.65	5.456249e+01
-18	0.7	5.826288e+01
-18	0.75	6.179812e+01
-18	0.8	5.690350e+01
-18	0.85	5.718718e+01
-18	0.9	5.955480e+01
-18	0.95	6.209467e+01
-18	1	5.401487e+01

-17	0	5.050892e+01
-17	0.05	5.545969e+01
-17	0.1	5.660365e+01
-17	0.15	5.037481e+01
-17	0.2	5.144624e+01
-17	0.25	4.867881e+01
-17	0.3	5.122177e+01
-17	0.35	4.677527e+01
-17	0.4	4.487690e+01
-17	0.45	4.331991e+01
-17	0.5	4.713550e+01
-17	0.55	4.862775e+01
-17	0.6	4.555430e+01
-17	0.65	4.703730e+01
-17	0.7	4.661865e+01
-17	0.75	4.759645e+01
-17	0.8	4.982155e+01
-17	0.85	4.781716e+01
-17	0.9	4.707784e+01
-17	0.95	4.526197e+01
-17	1	4.767084e+01

-16	0	4.771080e+01
-16	0.05	4.659444e+01
-16	0.1	4.738222e+01
-16	0.15	4.960519e+01
-16	0.2	4.434080e+01
-16	0.25	4.165966e+01
-16	0.3	4.006565e+01
-16	0.35	3.596956e+01
-16	0.4	3.603521e+01
-16	0.45	3.848371e+01
-16	0.5	3.765045e+01
-16	0.55	3.446964e+01
-16	0.6	3.829915e+01
-16	0.65	3.563079e+01
-16	0.7	3.543852e+01
-16	0.75	3.768109e+01
-16	0.8	3.910771e+01
-16	0.85	4.019558e+01
-16	0.9	3.775394e+01
-16	0.95	4.043873e+01
-16	1	3.581662e+01

-15	0	3.797083e+01
-15	0.05	4.128046e+01
-15	0.1	4.254490e+01
-15	0.15	4.025174e+01
-15	0.2	4.185569e+01
-15	0.25	3.475100e+01
-15	0.3	3.530958e+01
-15	0.35	3.068058e+01
-15	0.4	2.816312e+01
-15	0.45	2.848773e+01
-15	0.5	2.744707e+01
-15	0.55	3.050143e+01
-15	0.6	2.998091e+01
-15	0.65	2.897651e+01
-15	0.7	3.114419e+01
-15	0.75	3.034301e+01
-15	0.8	3.098136e+01
-15	0.85	3.215274e+01
-15	0.9	3.067170e+01
-15	0.95	3.095121e+01
-15	1	3.321234e+01

-14	0	3.413079e+01
-14	0.05	3.497526e+01
-14	0.1	3.590407e+01
-14	0.15	3.368117e+01
-14	0.2	3.199555e+01
-14	0.25	2.982192e+01
-14	0.3	2.836954e+01
-14	0.35	2.633317e+01
-14	0.4	2.429753e+01
-14	0.45	2.389738e+01
-14	0.5	2.385792e+01
-14	0.55	2.361084e+01
-14	0.6	2.529273e+01
-14	0.65	2.534020e+01
-14	0.7	2.508392e+01
-14	0.75	2.462028e+01
-14	0.8	2.394613e+01
-14	0.85	2.541160e+01
-14	0.9	2.470050e+01
-14	0.95	2.392880e+01
-14	1	2.304057e+01

-13	0	3.086877e+01
-13	0.05	3.039169e+01
-13	0.1	3.295564e+01
-13	0.15	3.223987e+01
-13	0.2	2.801774e+01
-13	0.25	2.847090e+01
-13	0.3	2.387681e+01
-13	0.35	2.096228e+01
-13	0.4	2.155533e+01
-13	0.45	1.906845e+01
-13	0.5	2.075637e+01
-13	0.55	1.903915e+01
-13	0.6	2.045927e+01
-13	0.65	2.102733e+01
-13	0.7	1.969103e+01
-13	0.75	1.973520e+01
-13	0.8	1.968483e+01
-13	0.85	1.895344e+01
-13	0.9	1.889473e+01
-13	0.95	1.899225e+01
-13	1	1.967472e+01

-12	0	2.839701e+01
-12	0.05	2.796366e+01
-12	0.1	2.818167e+01
-12	0.15	2.747723e+01
-12	0.2	2.661187e+01
-12	0.25	2.326116e+01
-12	0.3	2.157893e+01
-12	0.35	1.656904e+01
-12	0.4	1.721263e+01
-12	0.45	1.551415e+01
-12	0.5	1.541754e+01
-12	0.55	1.480916e+01
-12	0.6	1.482652e+01
-12	0.65	1.639813e+01
-12	0.7	1.576828e+01
-12	0.75	1.738195e+01
-12	0.8	1.568829e+01
-12	0.85	1.713911e+01
-12	0.9	1.626725e+01
-12	0.95	1.620619e+01
-12	1	1.400984e+01

-11	0	2.504208e+01
-11	0.05	2.649967e+01
-11	0.1	2.546055e+01
-11	0.15	2.673495e+01
-11	0.2	2.350075e+01
-11	0.25	2.122773e+01
-11	0.3	1.722244e+01
-11	0.35	1.529300e+01
-11	0.4	1.494962e+01
-11	0.45	1.367617e+01
-11	0.5	1.284824e+01
-11	0.55	1.208997e+01
-11	0.6	1.281363e+01
-11	0.65	1.253553e+01
-11	0.7	1.249534e+01
-11	0.75	1.319244e+01
-11	0.8	1.315106e+01
-11	0.85	1.345746e+01
-11	0.9	1.255327e+01
-11	0.95	1.243708e+01
-11	1	1.252856e+01

-10	0	2.345980e+01
-10	0.05	2.463717e+01
-10	0.1	2.448759e+01
-10	0.15	2.318754e+01
-10	0.2	2.131237e+01
-10	0.25	1.882510e+01
-10	0.3	1.600361e+01
-10	0.35	1.427279e+01
-10	0.4	1.241679e+01
-10	0.45	1.094850e+01
-10	0.5	9.699333e+00
-10	0.55	9.516221e+00
-10	0.6	9.691473e+00
-10	0.65	1.044307e+01
-10	0.7	1.112766e+01
-10	0.75	1.040031e+01
-10	0.8	1.119990e+01
-10	0.85	1.054477e+01
-10	0.9	1.025674e+01
-10	0.95	1.022468e+01
-10	1	1.001931e+01

-9	0	2.170296e+01
-9	0.05	2.160612e+01
-9	0.1	2.241995e+01
-9	0.15	2.301426e+01
-9	0.2	1.960648e+01
-9	0.25	1.763200e+01
-9	0.3	1.544250e+01
-9	0.35	1.214278e+01
-9	0.4	1.030498e+01
-9	0.45	9.255411e+00
-9	0.5	7.804110e+00
-9	0.55	8.412093e+00
-9	0.6	8.397366e+00
-9	0.65	8.884936e+00
-9	0.7	8.643139e+00
-9	0.75	7.963464e+00
-9	0.8	8.911708e+00
-9	0.85	8.558379e+00
-9	0.9	8.453687e+00
-9	0.95	7.814148e+00
-9	1	8.472879e+00

-8	0	2.028620e+01
-8	0.05	2.173435e+01
-8	0.1	2.130439e+01
-8	0.15	1.967093e+01
-8	0.2	1.859834e+01
-8	0.25	1.619291e+01
-8	0.3	1.440669e+01
-8	0.35	1.049696e+01
-8	0.4	8.872704e+00
-8	0.45	8.097948e+00
-8	0.5	6.695334e+00
-8	0.55	6.731427e+00
-8	0.6	6.264353e+00
-8	0.65	7.035257e+00
-8	0.7	7.556135e+00
-8	0.75	7.366129e+00
-8	0.8	8.050309e+00
-8	0.85	7.151048e+00
-8	0.9	7.224388e+00
-8	0.95	6.807655e+00
-8	1	6.301508e+00

-7	0	1.903517e+01
-7	0.05	2.148704e+01
-7	0.1	2.001463e+01
-7	0.15	2.017149e+01
-7	0.2	1.695829e+01
-7	0.25	1.523800e+01
-7	0.3	1.210362e+01
-7	0.35	9.691511e+00
-7	0.4	7.327703e+00
-7	0.45	6.398380e+00
-7	0.5	5.392997e+00
-7	0.55	5.029649e+00
-7	0.6	5.467476e+00
-7	0.65	5.654758e+00
-7	0.7	5.848752e+00
-7	0.75	5.920068e+00
-7	0.8	5.618850e+00
-7	0.85	5.998530e+00
-7	0.9	5.848551e+00
-7	0.95	5.783205e+00
-7	1	5.558279e+00

-6	0	1.780454e+01
-6	0.05	1.938807e+01
-6	0.1	2.023946e+01
-6	0.15	1.860900e+01
-6	0.2	1.700809e+01
-6	0.25	1.427795e+01
-6	0.3	1.128001e+01
-6	0.35	9.298780e+00
-6	0.4	7.001197e+00
-6	0.45	5.617410e+00
-6	0.5	4.351613e+00
-6	0.55	4.407349e+00
-6	0.6	4.440753e+00
-6	0.65	4.525101e+00
-6	0.7	5.212178e+00
-6	0.75	5.403091e+00
-6	0.8	5.405836e+00
-6	0.85	4.612382e+00
-6	0.9	4.951635e+00
-6	0.95	4.282660e+00
-6	1	4.726352e+00

-5	0	1.780722e+01
-5	0.05	1.949770e+01
-5	0.1	1.994487e+01
-5	0.15	1.815994e+01
-5	0.2	1.627843e+01
-5	0.25	1.405928e+01
-5	0.3	1.057714e+01
-5	0.35	8.082379e+00
-5	0.4	6.065444e+00
-5	0.45	4.351773e+00
-5	0.5	4.073573e+00
-5	0.55	3.517076e+00
-5	0.6	3.835241e+00
-5	0.65	4.031011e+00
-5	0.7	4.411145e+00
-5	0.75	4.201396e+00
-5	0.8	4.493625e+00
-5	0.85	4.123297e+00
-5	0.9	3.792790e+00
-5	0.95	3.613349e+00
-5	1	3.677647e+00

-4	0	1.772994e+01
-4	0.05	1.844651e+01
-4	0.1	1.905114e+01
-4	0.15	1.783516e+01
-4	0.2	1.572176e+01
-4	0.25	1.309180e+01
-4	0.3	9.621856e+00
-4	0.35	7.567055e+00
-4	0.4	5.742148e+00
-4	0.45	4.112445e+00
-4	0.5	3.548011e+00
-4	0.55	2.913282e+00
-4	0.6	3.270707e+00
-4	0.65	3.294421e+00
-4	0.7	3.611401e+00
-4	0.75	4.271798e+00
-4	0.8	3.725328e+00
-4	0.85	3.679966e+00
-4	0.9	3.511900e+00
-4	0.95	3.206803e+00
-4	1	3.008742e+00

-3	0	1.674937e+01
-3	0.05	1.875355e+01
-3	0.1	1.874269e+01
-3	0.15	1.727273e+01
-3	0.2	1.531676e+01
-3	0.25	1.276939e+01
-3	0.3	9.767921e+00
-3	0.35	7.338341e+00
-3	0.4	5.105471e+00
-3	0.45	3.593646e+00
-3	0.5	2.797529e+00
-3	0.55	2.652918e+00
-3	0.6	2.791120e+00
-3	0.65	2.843605e+00
-3	0.7	3.349339e+00
-3	0.75	3.254660e+00
-3	0.8	3.233536e+00
-3	0.85	3.393555e+00
-3	0.9	2.966093e+00
-3	0.95	2.803875e+00
-3	1	2.468643e+00

-2	0	1.649941e+01
-2	0.05	1.807898e+01
-2	0.1	1.852257e+01
-2	0.15	1.726426e+01
-2	0.2	1.452810e+01
-2	0.25	1.221861e+01
-2	0.3	9.187373e+00
-2	0.35	6.971830e+00
-2	0.4	4.949290e+00
-2	0.45	3.435866e+00
-2	0.5	2.564829e+00
-2	0.55	2.297136e+00
-2	0.6	2.174906e+00
-2	0.65	2.463289e+00
-2	0.7	2.920196e+00
-2	0.75	2.968288e+00
-2	0.8	2.733851e+00
-2	0.85	2.662257e+00
-2	0.9	2.651895e+00
-2	0.95	2.239962e+00
-2	1	2.410928e+00

-1	0	1.623435e+01
-1	0.05	1.803004e+01
-1	0.1	1.780199e+01
-1	0.15	1.639056e+01
-1	0.2	1.458503e+01
-1	0.25	1.198709e+01
-1	0.3	9.011228e+00
-1	0.35	6.512484e+00
-1	0.4	4.457502e+00
-1	0.45	3.022224e+00
-1	0.5	2.312171e+00
-1	0.55	2.190622e+00
-1	0.6	2.021363e+00
-1	0.65	2.238260e+00
-1	0.7	2.372652e+00
-1	0.75	2.625439e+00
-1	0.8	2.575756e+00
-1	0.85	2.347671e+00
-1	0.9	2.222105e+00
-1	0.95	2.073978e+00
-1	1	1.947463e+00

0	0	1.579827e+01
0	0.05	1.729620e+01
0	0.1	1.743692e+01
0	0.15	1.650661e+01
0	0.2	1.442851e+01
0	0.25	1.164939e+01
0	0.3	8.920658e+00
0	0.35	6.241285e+00
0	0.4	4.166804e+00
0	0.45	2.963225e+00
0	0.5	2.180685e+00
0	0.55	1.741188e+00
0	0.6	1.645095e+00
0	0.65	2.015410e+00
0	0.7	2.166595e+00
0	0.75	2.427791e+00
0	0.8	2.350019e+00
0	0.85	2.315730e+00
0	0.9	2.017460e+00
0	0.95	1.898429e+00
0	1	1.764832e+00

1	0	1.588594e+01
1	0.05	1.743183e+01
1	0.1	1.726132e+01
1	0.15	1.602569e+01
1	0.2	1.420171e+01
1	0.25	1.174484e+01
1	0.3	8.657851e+00
1	0.35	6.086175e+00
1	0.4	4.108451e+00
1	0.45	2.617163e+00
1	0.5	1.781359e+00
1	0.55	1.562620e+00
1	0.6	1.539253e+00
1	0.65	1.730582e+00
1	0.7	2.010484e+00
1	0.75	2.240474e+00
1	0.8	2.067259e+00
1	0.85	1.994104e+00
1	0.9	1.879657e+00
1	0.95	1.655363e+00
1	1	1.642933e+00

2	0	1.551997e+01
2	0.05	1.689399e+01
2	0.1	1.778728e+01
2	0.15	1.630683e+01
2	0.2	1.411778e+01
2	0.25	1.152943e+01
2	0.3	8.875289e+00
2	0.35	5.927619e+00
2	0.4	3.973983e+00
2	0.45	2.593261e+00
2	0.5	1.747836e+00
2	0.55	1.481089e+00
2	0.6	1.419501e+00
2	0.65	1.688024e+00
2	0.7	1.893248e+00
2	0.75	2.037899e+00
2	0.8	1.950388e+00
2	0.85	1.844222e+00
2	0.9	1.678358e+00
2	0.95	1.682100e+00
2	1	1.516853e+00

3	0	1.533638e+01
3	0.05	1.698510e+01
3	0.1	1.719237e+01
3	0.15	1.602252e+01
3	0.2	1.402629e+01
3	0.25	1.123911e+01
3	0.3	8.454698e+00
3	0.35	5.958833e+00
3	0.4	3.941140e+00
3	0.45	2.333201e+00
3	0.5	1.535104e+00
3	0.55	1.311304e+00
3	0.6	1.433927e+00
3	0.65	1.593243e+00
3	0.7	1.891643e+00
3	0.75	1.961964e+00
3	0.8	1.885969e+00
3	0.85	1.807299e+00
3	0.9	1.528205e+00
3	0.95	1.414356e+00
3	1	1.257518e+00

4	0	1.549614e+01
4	0.05	1.690727e+01
4	0.1	1.724608e+01
4	0.15	1.605776e+01
4	0.2	1.393409e+01
4	0.25	1.118470e+01
4	0.3	8.525266e+00
4	0.35	5.617624e+00
4	0.4	3.792740e+00
4	0.45	2.368834e+00
4	0.5	1.437612e+00
4	0.55	1.152897e+00
4	0.6	1.309505e+00
4	0.65	1.550460e+00
4	0.7	1.775325e+00
4	0.75	1.883410e+00
4	0.8	1.781534e+00
4	0.85	1.623289e+00
4	0.9	1.450330e+00
4	0.95	1.317675e+00
4	1	1.129947e+00

5	0	1.542745e+01
5	0.05	1.702807e+01
5	0.1	1.723362e+01
5	0.15	1.591095e+01
5	0.2	1.376398e+01
5	0.25	1.108444e+01
5	0.3	8.447256e+00
5	0.35	5.764959e+00
5	0.4	3.703867e+00
5	0.45	2.260106e+00
5	0.5	1.353163e+00
5	0.55	1.097520e+00
5	0.6	1.188331e+00
5	0.65	1.335507e+00
5	0.7	1.563320e+00
5	0.75	1.762850e+00
5	0.8	1.724580e+00
5	0.85	1.611023e+00
5	0.9	1.471535e+00
5	0.95	1.237500e+00
5	1	1.170455e+00

6	0	1.529258e+01
6	0.05	1.669875e+01
6	0.1	1.722247e+01
6	0.15	1.587138e+01
6	0.2	1.379466e+01
6	0.25	1.113857e+01
6	0.3	8.326680e+00
6	0.35	5.682738e+00
6	0.4	3.590828e+00
6	0.45	2.243219e+00
6	0.5	1.406557e+00
6	0.55	1.082111e+00
6	0.6	1.130078e+00
6	0.65	1.312802e+00
6	0.7	1.600132e+00
6	0.75	1.622661e+00
6	0.8	1.639731e+00
6	0.85	1.532594e+00
6	0.9	1.394139e+00
6	0.95	1.265326e+00
6	1	1.135963e+00

7	0	1.520099e+01
7	0.05	1.689847e+01
7	0.1	1.700649e+01
7	0.15	1.582239e+01
7	0.2	1.375515e+01
7	0.25	1.100644e+01
7	0.3	8.167343e+00
7	0.35	5.743927e+00
7	0.4	3.555782e+00
7	0.45	2.164968e+00
7	0.5	1.322011e+00
7	0.55	1.047203e+00
7	0.6	1.077182e+00
7	0.65	1.266648e+00
7	0.7	1.535004e+00
7	0.75	1.575059e+00
7	0.8	1.550594e+00
7	0.85	1.408011e+00
7	0.9	1.241017e+00
7	0.95	1.139085e+00
7	1	9.812548e-01

8	0	1.533581e+01
8	0.05	1.693913e+01
8	0.1	1.697721e+01
8	0.15	1.587298e+01
8	0.2	1.370645e+01
8	0.25	1.103515e+01
8	0.3	8.256959e+00
8	0.35	5.474826e+00
8	0.4	3.594605e+00
8	0.45	2.103658e+00
8	0.5	1.327070e+00
8	0.55	1.023551e+00
8	0.6	1.029272e+00
8	0.65	1.238669e+00
8	0.7	1.423276e+00
8	0.75	1.608864e+00
8	0.8	1.528154e+00
8	0.85	1.455585e+00
8	0.9	1.243840e+00
8	0.95	1.077362e+00
8	1	1.005935e+00

9	0	1.520122e+01
9	0.05	1.685342e+01
9	0.1	1.692186e+01
9	0.15	1.564144e+01
9	0.2	1.357467e+01
9	0.25	1.100215e+01
9	0.3	8.194424e+00
9	0.35	5.566211e+00
9	0.4	3.659643e+00
9	0.45	2.160667e+00
9	0.5	1.289713e+00
9	0.55	9.332801e-01
9	0.6	1.011295e+00
9	0.65	1.152576e+00
9	0.7	1.450540e+00
9	0.75	1.566863e+00
9	0.8	1.528564e+00
9	0.85	1.443296e+00
9	0.9	1.227593e+00
9	0.95	1.088454e+00
9	1	9.481974e-01

10	0	1.518450e+01
10	0.05	1.684473e+01
10	0.1	1.695884e+01
10	0.15	1.577046e+01
10	0.2	1.376299e+01
10	0.25	1.100632e+01
10	0.3	8.221056e+00
10	0.35	5.591094e+00
10	0.4	3.509635e+00
10	0.45	2.086266e+00
10	0.5	1.279603e+00
10	0.55	9.078945e-01
10	0.6	9.807625e-01
10	0.65	1.171711e+00
10	0.7	1.387624e+00
10	0.75	1.558973e+00
10	0.8	1.487403e+00
10	0.85	1.381822e+00
10	0.9	1.223970e+00
10	0.95	1.028884e+00
10	1	9.721576e-01

11	0	1.515644e+01
11	0.05	1.683010e+01
11	0.1	1.702852e+01
11	0.15	1.587540e+01
11	0.2	1.361623e+01
11	0.25	1.093291e+01
11	0.3	8.126670e+00
11	0.35	5.597438e+00
11	0.4	3.504042e+00
11	0.45	2.038072e+00
11	0.5	1.213518e+00
11	0.55	9.447711e-01
11	0.6	9.706672e-01
11	0.65	1.191767e+00
11	0.7	1.414767e+00
11	0.75	1.512041e+00
11	0.8	1.504299e+00
11	0.85	1.349955e+00
11	0.9	1.157406e+00
11	0.95	1.017794e+00
11	1	9.123560e-01

12	0	1.518193e+01
12	0.05	1.689979e+01
12	0.1	1.696976e+01
12	0.15	1.574079e+01
12	0.2	1.356933e+01
12	0.25	1.094915e+01
12	0.3	8.162175e+00
12	0.35	5.599518e+00
12	0.4	3.522000e+00
12	0.45	2.071733e+00
12	0.5	1.200321e+00
12	0.55	9.024433e-01
12	0.6	9.549226e-01
12	0.65	1.146049e+00
12	0.7	1.385201e+00
12	0.75	1.479286e+00
12	0.8	1.471326e+00
12	0.85	1.330518e+00
12	0.9	1.174164e+00
12	0.95	9.944153e-01
12	1	9.126389e-01

13	0	1.513800e+01
13	0.05	1.672316e+01
13	0.1	1.688254e+01
13	0.15	1.576709e+01
13	0.2	1.368895e+01
13	0.25	1.103349e+01
13	0.3	8.105194e+00
13	0.35	5.561331e+00
13	0.4	3.483865e+00
13	0.45	2.054086e+00
13	0.5	1.201000e+00
13	0.55	8.943102e-01
13	0.6	9.377390e-01
13	0.65	1.138227e+00
13	0.7	1.365159e+00
13	0.75	1.461932e+00
13	0.8	1.464439e+00
13	0.85	1.318392e+00
13	0.9	1.152864e+00
13	0.95	9.819884e-01
13	1	9.126861e-01

14	0	1.518803e+01
14	0.05	1.673154e+01
14	0.1	1.692655e+01
14	0.15	1.571849e+01
14	0.2	1.356565e+01
14	0.25	1.090854e+01
14	0.3	8.167119e+00
14	0.35	5.572301e+00
14	0.4	3.503789e+00
14	0.45	2.026994e+00
14	0.5	1.199985e+00
14	0.55	8.853857e-01
14	0.6	9.359735e-01
14	0.65	1.146073e+00
14	0.7	1.364663e+00
14	0.75	1.486008e+00
14	0.8	1.452149e+00
14	0.85	1.332986e+00
14	0.9	1.148516e+00
14	0.95	9.874747e-01
14	1	8.871262e-01

15	0	1.513248e+01
15	0.05	1.677937e+01
15	0.1	1.686049e+01
15	0.15	1.574384e+01
15	0.2	1.363675e+01
15	0.25	1.093771e+01
15	0.3	8.106001e+00
15	0.35	5.555845e+00
15	0.4	3.482922e+00
15	0.45	2.019738e+00
15	0.5	1.182899e+00
15	0.55	9.060397e-01
15	0.6	8.942328e-01
15	0.65	1.130553e+00
15	0.7	1.362444e+00
15	0.75	1.451026e+00
15	0.8	1.441378e+00
15	0.85	1.328296e+00
15	0.9	1.142507e+00
15	0.95	9.593717e-01
15	1	8.883408e-01

16	0	1.511472e+01
16	0.05	1.676785e+01
16	0.1	1.693255e+01
16	0.15	1.572834e+01
16	0.2	1.359536e+01
16	0.25	1.093662e+01
16	0.3	8.098205e+00
16	0.35	5.562490e+00
16	0.4	3.474497e+00
16	0.45	2.017115e+00
16	0.5	1.182074e+00
16	0.55	8.756551e-01
16	0.6	9.079103e-01
16	0.65	1.127694e+00
16	0.7	1.339381e+00
16	0.75	1.442751e+00
16	0.8	1.442953e+00
16	0.85	1.328590e+00
16	0.9	1.129964e+00
16	0.95	9.754650e-01
16	1	8.811350e-01

17	0	1.510339e+01
17	0.05	1.679400e+01
17	0.1	1.687654e+01
17	0.15	1.575972e+01
17	0.2	1.360216e+01
17	0.25	1.095207e+01
17	0.3	8.121260e+00
17	0.35	5.577134e+00
17	0.4	3.442172e+00
17	0.45	2.028411e+00
17	0.5	1.165017e+00
17	0.55	8.667226e-01
17	0.6	9.148792e-01
17	0.65	1.123492e+00
17	0.7	1.337915e+00
17	0.75	1.459609e+00
17	0.8	1.445397e+00
17	0.85	1.314216e+00
17	0.9	1.121929e+00
17	0.95	9.434896e-01
17	1	8.789526e-01

18	0	1.510725e+01
18	0.05	1.679072e+01
18	0.1	1.696113e+01
18	0.15	1.578783e+01
18	0.2	1.363158e+01
18	0.25	1.090141e+01
18	0.3	8.131073e+00
18	0.35	5.516970e+00
18	0.4	3.468725e+00
18	0.45	2.005654e+00
18	0.5	1.181632e+00
18	0.55	8.645161e-01
18	0.6	9.088922e-01
18	0.65	1.119052e+00
18	0.7	1.342915e+00
18	0.75	1.448662e+00
18	0.8	1.459730e+00
18	0.85	1.297470e+00
18	0.9	1.122195e+00
18	0.95	9.528910e-01
18	1	8.665522e-01

19	0	1.510612e+01
19	0.05	1.677318e+01
19	0.1	1.690366e+01
19	0.15	1.573135e+01
19	0.2	1.361040e+01
19	0.25	1.091516e+01
19	0.3	8.136178e+00
19	0.35	5.541733e+00
19	0.4	3.445388e+00
19	0.45	2.017017e+00
19	0.5	1.178304e+00
19	0.55	8.532205e-01
19	0.6	9.092535e-01
19	0.65	1.117515e+00
19	0.7	1.334651e+00
19	0.75	1.439588e+00
19	0.8	1.435267e+00
19	0.85	1.300248e+00
19	0.9	1.125991e+00
19	0.95	9.511041e-01
19	1	8.637607e-01

20	0	1.511464e+01
20	0.05	1.676254e+01
20	0.1	1.690905e+01
20	0.15	1.576394e+01
20	0.2	1.361213e+01
20	0.25	1.093091e+01
20	0.3	8.103141e+00
20	0.35	5.530298e+00
20	0.4	3.465997e+00
20	0.45	2.014369e+00
20	0.5	1.172287e+00
20	0.55	8.664296e-01
20	0.6	9.031298e-01
20	0.65	1.103949e+00
20	0.7	1.329418e+00
20	0.75	1.438896e+00
20	0.8	1.432332e+00
20	0.85	1.313882e+00
20	0.9	1.127452e+00
20	0.95	9.558798e-01
20	1	8.599827e-01

