SNR_dB	aleph_array	mse_results
-20	0	5.834175e+03
-20	0.05	5.794436e+03
-20	0.1	6.797479e+03
-20	0.15	6.325097e+03
-20	0.2	6.555556e+03
-20	0.25	6.869516e+03
-20	0.3	6.645028e+03
-20	0.35	6.351984e+03
-20	0.4	6.567062e+03
-20	0.45	6.893421e+03
-20	0.5	6.970651e+03
-20	0.55	7.842431e+03
-20	0.6	6.798125e+03
-20	0.65	7.381820e+03
-20	0.7	7.367099e+03
-20	0.75	7.141043e+03
-20	0.8	7.305216e+03
-20	0.85	7.121932e+03
-20	0.9	7.189495e+03
-20	0.95	7.097351e+03
-20	1	7.049722e+03

-19	0	4.702218e+03
-19	0.05	4.948310e+03
-19	0.1	4.909312e+03
-19	0.15	5.221019e+03
-19	0.2	4.906163e+03
-19	0.25	5.364870e+03
-19	0.3	5.396573e+03
-19	0.35	5.395913e+03
-19	0.4	5.419481e+03
-19	0.45	5.875748e+03
-19	0.5	5.389968e+03
-19	0.55	5.768078e+03
-19	0.6	5.889753e+03
-19	0.65	5.450370e+03
-19	0.7	5.636172e+03
-19	0.75	5.792752e+03
-19	0.8	6.292383e+03
-19	0.85	6.013855e+03
-19	0.9	5.347336e+03
-19	0.95	5.924056e+03
-19	1	5.860763e+03

-18	0	4.185805e+03
-18	0.05	4.117794e+03
-18	0.1	4.302255e+03
-18	0.15	3.983409e+03
-18	0.2	4.028542e+03
-18	0.25	4.421582e+03
-18	0.3	4.123514e+03
-18	0.35	4.410833e+03
-18	0.4	4.264350e+03
-18	0.45	4.165798e+03
-18	0.5	4.689477e+03
-18	0.55	4.781344e+03
-18	0.6	4.386594e+03
-18	0.65	4.682645e+03
-18	0.7	4.380179e+03
-18	0.75	4.957982e+03
-18	0.8	4.586018e+03
-18	0.85	4.550184e+03
-18	0.9	4.377737e+03
-18	0.95	4.285213e+03
-18	1	4.421566e+03

-17	0	3.175155e+03
-17	0.05	3.296230e+03
-17	0.1	3.248903e+03
-17	0.15	3.030141e+03
-17	0.2	3.111579e+03
-17	0.25	3.426865e+03
-17	0.3	3.721130e+03
-17	0.35	3.448475e+03
-17	0.4	3.358829e+03
-17	0.45	3.421150e+03
-17	0.5	3.562840e+03
-17	0.55	3.487613e+03
-17	0.6	3.953245e+03
-17	0.65	3.520494e+03
-17	0.7	3.498304e+03
-17	0.75	4.009574e+03
-17	0.8	3.556836e+03
-17	0.85	3.714780e+03
-17	0.9	3.655437e+03
-17	0.95	3.405681e+03
-17	1	3.706577e+03

-16	0	2.299445e+03
-16	0.05	2.489908e+03
-16	0.1	2.352519e+03
-16	0.15	2.476971e+03
-16	0.2	2.549169e+03
-16	0.25	2.586897e+03
-16	0.3	2.477201e+03
-16	0.35	2.620663e+03
-16	0.4	2.800952e+03
-16	0.45	2.730687e+03
-16	0.5	2.917996e+03
-16	0.55	2.900811e+03
-16	0.6	2.828270e+03
-16	0.65	2.943917e+03
-16	0.7	3.134921e+03
-16	0.75	3.033526e+03
-16	0.8	2.951733e+03
-16	0.85	3.017833e+03
-16	0.9	3.040178e+03
-16	0.95	2.906645e+03
-16	1	2.888749e+03

-15	0	1.923865e+03
-15	0.05	1.969863e+03
-15	0.1	1.972357e+03
-15	0.15	2.114217e+03
-15	0.2	2.002354e+03
-15	0.25	2.125082e+03
-15	0.3	2.018650e+03
-15	0.35	2.046534e+03
-15	0.4	2.219721e+03
-15	0.45	2.352412e+03
-15	0.5	2.226386e+03
-15	0.55	2.244933e+03
-15	0.6	2.303524e+03
-15	0.65	2.393673e+03
-15	0.7	2.191730e+03
-15	0.75	2.266906e+03
-15	0.8	2.178553e+03
-15	0.85	2.204340e+03
-15	0.9	2.416631e+03
-15	0.95	2.288225e+03
-15	1	2.401610e+03

-14	0	1.546180e+03
-14	0.05	1.592324e+03
-14	0.1	1.645999e+03
-14	0.15	1.620054e+03
-14	0.2	1.605956e+03
-14	0.25	1.648860e+03
-14	0.3	1.715819e+03
-14	0.35	1.682268e+03
-14	0.4	1.791354e+03
-14	0.45	1.826178e+03
-14	0.5	1.750215e+03
-14	0.55	1.992733e+03
-14	0.6	1.793311e+03
-14	0.65	1.954727e+03
-14	0.7	1.793961e+03
-14	0.75	1.859692e+03
-14	0.8	1.976202e+03
-14	0.85	1.974954e+03
-14	0.9	1.861880e+03
-14	0.95	1.726468e+03
-14	1	1.914185e+03

-13	0	1.369717e+03
-13	0.05	1.236862e+03
-13	0.1	1.230600e+03
-13	0.15	1.241076e+03
-13	0.2	1.303833e+03
-13	0.25	1.254652e+03
-13	0.3	1.433123e+03
-13	0.35	1.315073e+03
-13	0.4	1.385011e+03
-13	0.45	1.362722e+03
-13	0.5	1.381650e+03
-13	0.55	1.443429e+03
-13	0.6	1.457670e+03
-13	0.65	1.440380e+03
-13	0.7	1.504360e+03
-13	0.75	1.518846e+03
-13	0.8	1.465143e+03
-13	0.85	1.439761e+03
-13	0.9	1.480245e+03
-13	0.95	1.472241e+03
-13	1	1.521015e+03

-12	0	1.082439e+03
-12	0.05	9.794303e+02
-12	0.1	1.017752e+03
-12	0.15	1.064374e+03
-12	0.2	1.088175e+03
-12	0.25	9.672000e+02
-12	0.3	1.058261e+03
-12	0.35	1.032764e+03
-12	0.4	1.141538e+03
-12	0.45	1.051824e+03
-12	0.5	1.124557e+03
-12	0.55	1.197382e+03
-12	0.6	1.314408e+03
-12	0.65	1.178206e+03
-12	0.7	1.135852e+03
-12	0.75	1.229151e+03
-12	0.8	1.181834e+03
-12	0.85	1.244908e+03
-12	0.9	1.169245e+03
-12	0.95	1.110730e+03
-12	1	1.137310e+03

-11	0	8.359282e+02
-11	0.05	8.192751e+02
-11	0.1	8.470882e+02
-11	0.15	7.891158e+02
-11	0.2	8.214600e+02
-11	0.25	7.874247e+02
-11	0.3	8.486575e+02
-11	0.35	8.492825e+02
-11	0.4	8.437748e+02
-11	0.45	8.996071e+02
-11	0.5	9.128034e+02
-11	0.55	9.467912e+02
-11	0.6	8.856149e+02
-11	0.65	9.253216e+02
-11	0.7	9.016794e+02
-11	0.75	8.998751e+02
-11	0.8	9.047772e+02
-11	0.85	9.616751e+02
-11	0.9	9.435133e+02
-11	0.95	9.103636e+02
-11	1	9.366034e+02

-10	0	6.458858e+02
-10	0.05	6.758740e+02
-10	0.1	5.555231e+02
-10	0.15	6.279871e+02
-10	0.2	6.504165e+02
-10	0.25	6.118209e+02
-10	0.3	6.733049e+02
-10	0.35	7.184208e+02
-10	0.4	7.088574e+02
-10	0.45	7.291218e+02
-10	0.5	6.904183e+02
-10	0.55	7.265684e+02
-10	0.6	7.289724e+02
-10	0.65	6.774243e+02
-10	0.7	7.438198e+02
-10	0.75	7.066414e+02
-10	0.8	7.017077e+02
-10	0.85	6.910631e+02
-10	0.9	7.544108e+02
-10	0.95	7.860548e+02
-10	1	7.420400e+02

-9	0	4.829098e+02
-9	0.05	5.568175e+02
-9	0.1	4.907111e+02
-9	0.15	4.903986e+02
-9	0.2	5.320305e+02
-9	0.25	5.054537e+02
-9	0.3	5.118538e+02
-9	0.35	5.372201e+02
-9	0.4	5.373473e+02
-9	0.45	5.823670e+02
-9	0.5	6.119345e+02
-9	0.55	5.620520e+02
-9	0.6	6.069403e+02
-9	0.65	5.959941e+02
-9	0.7	6.104899e+02
-9	0.75	5.904873e+02
-9	0.8	6.160104e+02
-9	0.85	5.176836e+02
-9	0.9	5.994309e+02
-9	0.95	6.042838e+02
-9	1	5.540015e+02

-8	0	3.714401e+02
-8	0.05	4.066188e+02
-8	0.1	4.089928e+02
-8	0.15	4.093206e+02
-8	0.2	4.031405e+02
-8	0.25	4.051035e+02
-8	0.3	4.341784e+02
-8	0.35	4.200518e+02
-8	0.4	4.266874e+02
-8	0.45	4.620741e+02
-8	0.5	4.660501e+02
-8	0.55	4.543253e+02
-8	0.6	4.368934e+02
-8	0.65	5.195575e+02
-8	0.7	4.661560e+02
-8	0.75	4.887848e+02
-8	0.8	4.664730e+02
-8	0.85	4.642347e+02
-8	0.9	4.471168e+02
-8	0.95	4.810423e+02
-8	1	4.814683e+02

-7	0	3.198452e+02
-7	0.05	3.312366e+02
-7	0.1	3.370720e+02
-7	0.15	3.321715e+02
-7	0.2	3.265372e+02
-7	0.25	3.276176e+02
-7	0.3	3.370815e+02
-7	0.35	3.617694e+02
-7	0.4	3.498385e+02
-7	0.45	3.420944e+02
-7	0.5	3.304128e+02
-7	0.55	3.653897e+02
-7	0.6	3.728214e+02
-7	0.65	3.587854e+02
-7	0.7	3.685300e+02
-7	0.75	3.767804e+02
-7	0.8	3.885766e+02
-7	0.85	3.572453e+02
-7	0.9	3.717215e+02
-7	0.95	3.682073e+02
-7	1	3.797298e+02

-6	0	2.622133e+02
-6	0.05	2.812973e+02
-6	0.1	2.369163e+02
-6	0.15	2.725908e+02
-6	0.2	2.460500e+02
-6	0.25	2.636225e+02
-6	0.3	2.665826e+02
-6	0.35	2.723683e+02
-6	0.4	2.664556e+02
-6	0.45	2.611857e+02
-6	0.5	2.732700e+02
-6	0.55	2.915416e+02
-6	0.6	3.064802e+02
-6	0.65	2.969738e+02
-6	0.7	2.917906e+02
-6	0.75	3.137833e+02
-6	0.8	3.253530e+02
-6	0.85	2.842352e+02
-6	0.9	3.009094e+02
-6	0.95	2.829799e+02
-6	1	3.089073e+02

-5	0	2.139186e+02
-5	0.05	2.010046e+02
-5	0.1	2.139912e+02
-5	0.15	2.133316e+02
-5	0.2	1.915227e+02
-5	0.25	2.019418e+02
-5	0.3	2.229391e+02
-5	0.35	2.056819e+02
-5	0.4	2.173503e+02
-5	0.45	2.180333e+02
-5	0.5	2.302005e+02
-5	0.55	2.436641e+02
-5	0.6	2.324870e+02
-5	0.65	2.381094e+02
-5	0.7	2.429466e+02
-5	0.75	2.357893e+02
-5	0.8	2.580644e+02
-5	0.85	2.405969e+02
-5	0.9	2.375546e+02
-5	0.95	2.269808e+02
-5	1	2.312991e+02

-4	0	1.727576e+02
-4	0.05	1.711017e+02
-4	0.1	1.695376e+02
-4	0.15	1.642729e+02
-4	0.2	1.798376e+02
-4	0.25	1.759212e+02
-4	0.3	1.632424e+02
-4	0.35	1.833367e+02
-4	0.4	1.821312e+02
-4	0.45	1.757963e+02
-4	0.5	1.705957e+02
-4	0.55	1.872709e+02
-4	0.6	1.900437e+02
-4	0.65	1.950027e+02
-4	0.7	1.899176e+02
-4	0.75	2.052804e+02
-4	0.8	1.706217e+02
-4	0.85	1.862361e+02
-4	0.9	1.880223e+02
-4	0.95	1.808412e+02
-4	1	1.848162e+02

-3	0	1.359484e+02
-3	0.05	1.349130e+02
-3	0.1	1.517244e+02
-3	0.15	1.300830e+02
-3	0.2	1.454981e+02
-3	0.25	1.288786e+02
-3	0.3	1.315555e+02
-3	0.35	1.391830e+02
-3	0.4	1.494473e+02
-3	0.45	1.331105e+02
-3	0.5	1.447533e+02
-3	0.55	1.394998e+02
-3	0.6	1.506391e+02
-3	0.65	1.588959e+02
-3	0.7	1.495514e+02
-3	0.75	1.699359e+02
-3	0.8	1.510417e+02
-3	0.85	1.576403e+02
-3	0.9	1.512072e+02
-3	0.95	1.457882e+02
-3	1	1.467203e+02

-2	0	1.179506e+02
-2	0.05	1.074525e+02
-2	0.1	1.148622e+02
-2	0.15	1.081671e+02
-2	0.2	1.076018e+02
-2	0.25	1.072988e+02
-2	0.3	1.170240e+02
-2	0.35	1.147818e+02
-2	0.4	1.120288e+02
-2	0.45	1.132540e+02
-2	0.5	1.158055e+02
-2	0.55	1.216964e+02
-2	0.6	1.187376e+02
-2	0.65	1.236732e+02
-2	0.7	1.176797e+02
-2	0.75	1.134928e+02
-2	0.8	1.267597e+02
-2	0.85	1.149563e+02
-2	0.9	1.122804e+02
-2	0.95	1.178231e+02
-2	1	1.086708e+02

-1	0	9.336553e+01
-1	0.05	9.117157e+01
-1	0.1	9.535016e+01
-1	0.15	8.816997e+01
-1	0.2	9.476820e+01
-1	0.25	9.534717e+01
-1	0.3	9.082197e+01
-1	0.35	9.705603e+01
-1	0.4	8.886797e+01
-1	0.45	8.426546e+01
-1	0.5	9.856398e+01
-1	0.55	9.689339e+01
-1	0.6	9.468802e+01
-1	0.65	9.234227e+01
-1	0.7	9.166855e+01
-1	0.75	9.215902e+01
-1	0.8	9.519043e+01
-1	0.85	9.257333e+01
-1	0.9	9.087366e+01
-1	0.95	9.513370e+01
-1	1	9.565617e+01

0	0	7.492918e+01
0	0.05	7.764514e+01
0	0.1	7.835391e+01
0	0.15	7.497675e+01
0	0.2	7.082627e+01
0	0.25	7.386348e+01
0	0.3	7.080869e+01
0	0.35	7.861447e+01
0	0.4	6.995419e+01
0	0.45	6.743733e+01
0	0.5	7.008034e+01
0	0.55	7.886847e+01
0	0.6	8.043585e+01
0	0.65	7.238721e+01
0	0.7	7.507121e+01
0	0.75	7.196176e+01
0	0.8	7.590248e+01
0	0.85	7.472668e+01
0	0.9	7.191194e+01
0	0.95	7.930465e+01
0	1	7.391659e+01

1	0	6.057983e+01
1	0.05	6.480189e+01
1	0.1	6.194527e+01
1	0.15	6.204018e+01
1	0.2	6.474311e+01
1	0.25	5.784063e+01
1	0.3	6.409753e+01
1	0.35	5.591435e+01
1	0.4	6.021335e+01
1	0.45	5.521013e+01
1	0.5	5.752712e+01
1	0.55	6.122397e+01
1	0.6	5.767708e+01
1	0.65	6.404167e+01
1	0.7	6.220867e+01
1	0.75	6.252799e+01
1	0.8	5.871154e+01
1	0.85	6.303799e+01
1	0.9	5.941796e+01
1	0.95	5.478536e+01
1	1	5.225671e+01

2	0	5.492547e+01
2	0.05	5.209944e+01
2	0.1	5.324418e+01
2	0.15	5.310059e+01
2	0.2	5.177064e+01
2	0.25	4.763075e+01
2	0.3	4.927306e+01
2	0.35	4.815493e+01
2	0.4	4.374430e+01
2	0.45	4.614448e+01
2	0.5	4.447970e+01
2	0.55	4.668164e+01
2	0.6	4.747611e+01
2	0.65	4.944933e+01
2	0.7	4.971516e+01
2	0.75	4.899315e+01
2	0.8	5.104938e+01
2	0.85	4.519198e+01
2	0.9	4.806074e+01
2	0.95	4.566804e+01
2	1	4.495792e+01

3	0	4.656860e+01
3	0.05	4.567123e+01
3	0.1	4.392105e+01
3	0.15	4.491844e+01
3	0.2	4.307786e+01
3	0.25	4.120608e+01
3	0.3	3.915465e+01
3	0.35	3.876770e+01
3	0.4	3.610208e+01
3	0.45	3.710626e+01
3	0.5	3.664070e+01
3	0.55	3.923729e+01
3	0.6	3.893282e+01
3	0.65	3.884235e+01
3	0.7	3.724863e+01
3	0.75	3.846062e+01
3	0.8	3.772600e+01
3	0.85	3.925808e+01
3	0.9	3.830004e+01
3	0.95	3.345079e+01
3	1	3.581379e+01

4	0	4.036971e+01
4	0.05	4.007521e+01
4	0.1	4.087842e+01
4	0.15	3.645558e+01
4	0.2	3.895073e+01
4	0.25	3.406176e+01
4	0.3	3.184675e+01
4	0.35	3.249481e+01
4	0.4	2.998133e+01
4	0.45	2.671248e+01
4	0.5	2.826978e+01
4	0.55	3.084666e+01
4	0.6	3.084704e+01
4	0.65	3.085987e+01
4	0.7	3.184321e+01
4	0.75	3.168039e+01
4	0.8	3.230889e+01
4	0.85	2.863513e+01
4	0.9	3.090853e+01
4	0.95	3.058153e+01
4	1	3.241221e+01

5	0	3.353562e+01
5	0.05	3.608073e+01
5	0.1	3.615908e+01
5	0.15	3.287100e+01
5	0.2	3.125420e+01
5	0.25	2.859963e+01
5	0.3	2.768735e+01
5	0.35	2.541915e+01
5	0.4	2.341325e+01
5	0.45	2.427992e+01
5	0.5	2.225140e+01
5	0.55	2.439634e+01
5	0.6	2.536499e+01
5	0.65	2.669319e+01
5	0.7	2.738553e+01
5	0.75	2.432769e+01
5	0.8	2.654745e+01
5	0.85	2.507491e+01
5	0.9	2.337014e+01
5	0.95	2.425913e+01
5	1	2.450453e+01

6	0	3.191351e+01
6	0.05	3.064853e+01
6	0.1	3.195785e+01
6	0.15	2.988516e+01
6	0.2	2.785830e+01
6	0.25	2.526043e+01
6	0.3	2.389632e+01
6	0.35	2.056056e+01
6	0.4	2.016428e+01
6	0.45	1.776145e+01
6	0.5	2.088751e+01
6	0.55	1.780014e+01
6	0.6	2.033460e+01
6	0.65	1.981795e+01
6	0.7	2.049694e+01
6	0.75	2.032006e+01
6	0.8	2.062518e+01
6	0.85	1.970578e+01
6	0.9	1.966943e+01
6	0.95	1.950040e+01
6	1	1.839025e+01

7	0	2.850567e+01
7	0.05	2.818603e+01
7	0.1	3.012979e+01
7	0.15	2.652486e+01
7	0.2	2.479116e+01
7	0.25	2.211801e+01
7	0.3	2.076938e+01
7	0.35	1.762995e+01
7	0.4	1.606709e+01
7	0.45	1.552736e+01
7	0.5	1.460803e+01
7	0.55	1.522911e+01
7	0.6	1.657310e+01
7	0.65	1.664499e+01
7	0.7	1.578191e+01
7	0.75	1.584284e+01
7	0.8	1.672059e+01
7	0.85	1.426959e+01
7	0.9	1.697329e+01
7	0.95	1.508640e+01
7	1	1.586866e+01

8	0	2.505882e+01
8	0.05	2.539410e+01
8	0.1	2.530202e+01
8	0.15	2.381557e+01
8	0.2	2.079100e+01
8	0.25	2.104186e+01
8	0.3	1.674619e+01
8	0.35	1.433631e+01
8	0.4	1.337480e+01
8	0.45	1.262052e+01
8	0.5	1.152301e+01
8	0.55	1.160426e+01
8	0.6	1.289115e+01
8	0.65	1.406376e+01
8	0.7	1.317044e+01
8	0.75	1.269290e+01
8	0.8	1.404472e+01
8	0.85	1.300670e+01
8	0.9	1.323065e+01
8	0.95	1.209023e+01
8	1	1.231892e+01

9	0	2.308241e+01
9	0.05	2.476700e+01
9	0.1	2.450434e+01
9	0.15	2.336253e+01
9	0.2	1.978849e+01
9	0.25	1.766932e+01
9	0.3	1.536034e+01
9	0.35	1.270014e+01
9	0.4	1.028349e+01
9	0.45	1.014111e+01
9	0.5	1.029945e+01
9	0.55	1.007043e+01
9	0.6	1.057575e+01
9	0.65	1.035586e+01
9	0.7	1.070834e+01
9	0.75	1.111189e+01
9	0.8	1.087266e+01
9	0.85	1.100557e+01
9	0.9	1.125548e+01
9	0.95	9.610475e+00
9	1	1.039327e+01

10	0	2.162761e+01
10	0.05	2.283514e+01
10	0.1	2.143987e+01
10	0.15	2.018868e+01
10	0.2	1.804287e+01
10	0.25	1.516617e+01
10	0.3	1.282474e+01
10	0.35	1.160249e+01
10	0.4	8.683778e+00
10	0.45	9.332640e+00
10	0.5	7.958639e+00
10	0.55	7.626166e+00
10	0.6	7.695226e+00
10	0.65	8.263661e+00
10	0.7	8.850154e+00
10	0.75	9.226906e+00
10	0.8	8.184803e+00
10	0.85	9.447423e+00
10	0.9	8.548837e+00
10	0.95	8.478824e+00
10	1	8.632267e+00

11	0	1.948758e+01
11	0.05	2.148755e+01
11	0.1	2.057837e+01
11	0.15	1.918991e+01
11	0.2	1.723768e+01
11	0.25	1.439093e+01
11	0.3	1.202882e+01
11	0.35	9.005155e+00
11	0.4	7.979212e+00
11	0.45	6.827684e+00
11	0.5	6.389548e+00
11	0.55	6.202052e+00
11	0.6	6.760232e+00
11	0.65	7.341669e+00
11	0.7	7.640851e+00
11	0.75	8.050642e+00
11	0.8	7.602419e+00
11	0.85	6.951110e+00
11	0.9	6.187741e+00
11	0.95	7.033779e+00
11	1	6.263302e+00

12	0	1.879379e+01
12	0.05	1.997654e+01
12	0.1	1.886283e+01
12	0.15	1.761860e+01
12	0.2	1.604094e+01
12	0.25	1.284489e+01
12	0.3	1.056497e+01
12	0.35	8.464526e+00
12	0.4	6.752335e+00
12	0.45	6.150011e+00
12	0.5	5.108824e+00
12	0.55	5.512576e+00
12	0.6	5.351793e+00
12	0.65	5.921083e+00
12	0.7	6.099213e+00
12	0.75	6.350412e+00
12	0.8	5.776606e+00
12	0.85	6.118085e+00
12	0.9	5.560229e+00
12	0.95	5.255381e+00
12	1	4.852620e+00

13	0	1.719070e+01
13	0.05	1.908632e+01
13	0.1	1.859932e+01
13	0.15	1.672726e+01
13	0.2	1.495759e+01
13	0.25	1.273005e+01
13	0.3	1.007430e+01
13	0.35	7.500378e+00
13	0.4	5.972374e+00
13	0.45	4.802870e+00
13	0.5	4.656768e+00
13	0.55	4.450795e+00
13	0.6	4.591337e+00
13	0.65	5.192887e+00
13	0.7	4.936099e+00
13	0.75	5.330964e+00
13	0.8	4.910626e+00
13	0.85	4.553707e+00
13	0.9	4.815408e+00
13	0.95	4.263378e+00
13	1	4.546233e+00

14	0	1.716110e+01
14	0.05	1.766585e+01
14	0.1	1.829129e+01
14	0.15	1.644255e+01
14	0.2	1.385651e+01
14	0.25	1.223314e+01
14	0.3	8.868532e+00
14	0.35	7.051362e+00
14	0.4	5.127933e+00
14	0.45	4.512161e+00
14	0.5	3.829421e+00
14	0.55	4.022429e+00
14	0.6	3.910459e+00
14	0.65	4.234931e+00
14	0.7	4.563867e+00
14	0.75	4.551664e+00
14	0.8	4.621417e+00
14	0.85	4.108220e+00
14	0.9	3.747380e+00
14	0.95	3.449411e+00
14	1	3.753596e+00

15	0	1.656558e+01
15	0.05	1.792036e+01
15	0.1	1.760098e+01
15	0.15	1.565734e+01
15	0.2	1.372589e+01
15	0.25	1.129302e+01
15	0.3	8.330529e+00
15	0.35	6.520465e+00
15	0.4	5.135448e+00
15	0.45	3.773326e+00
15	0.5	3.039315e+00
15	0.55	3.349765e+00
15	0.6	3.179841e+00
15	0.65	3.607838e+00
15	0.7	3.508319e+00
15	0.75	3.933821e+00
15	0.8	3.725343e+00
15	0.85	3.362853e+00
15	0.9	3.142031e+00
15	0.95	3.295024e+00
15	1	3.162258e+00

16	0	1.715296e+01
16	0.05	1.777186e+01
16	0.1	1.646727e+01
16	0.15	1.608524e+01
16	0.2	1.317588e+01
16	0.25	1.044793e+01
16	0.3	8.154073e+00
16	0.35	6.130986e+00
16	0.4	4.074918e+00
16	0.45	3.250878e+00
16	0.5	2.708669e+00
16	0.55	2.699733e+00
16	0.6	2.688434e+00
16	0.65	3.215013e+00
16	0.7	3.415969e+00
16	0.75	3.385348e+00
16	0.8	3.255191e+00
16	0.85	3.006110e+00
16	0.9	2.843931e+00
16	0.95	2.687462e+00
16	1	2.690542e+00

17	0	1.598544e+01
17	0.05	1.698642e+01
17	0.1	1.717162e+01
17	0.15	1.496004e+01
17	0.2	1.253156e+01
17	0.25	1.012167e+01
17	0.3	8.005876e+00
17	0.35	5.640328e+00
17	0.4	4.119280e+00
17	0.45	2.696195e+00
17	0.5	2.399053e+00
17	0.55	2.299480e+00
17	0.6	2.247459e+00
17	0.65	2.771167e+00
17	0.7	2.850722e+00
17	0.75	2.943511e+00
17	0.8	2.974494e+00
17	0.85	2.571654e+00
17	0.9	2.346571e+00
17	0.95	2.198536e+00
17	1	2.177766e+00

18	0	1.577022e+01
18	0.05	1.680068e+01
18	0.1	1.634502e+01
18	0.15	1.462072e+01
18	0.2	1.238073e+01
18	0.25	1.026797e+01
18	0.3	7.451226e+00
18	0.35	5.351486e+00
18	0.4	3.702569e+00
18	0.45	2.686403e+00
18	0.5	2.141538e+00
18	0.55	2.029072e+00
18	0.6	2.108121e+00
18	0.65	2.333891e+00
18	0.7	2.498792e+00
18	0.75	2.507462e+00
18	0.8	2.691080e+00
18	0.85	2.484238e+00
18	0.9	2.047740e+00
18	0.95	2.248340e+00
18	1	2.086451e+00

19	0	1.548696e+01
19	0.05	1.669880e+01
19	0.1	1.697428e+01
19	0.15	1.474440e+01
19	0.2	1.249141e+01
19	0.25	9.821031e+00
19	0.3	7.351825e+00
19	0.35	5.044805e+00
19	0.4	3.388810e+00
19	0.45	2.411332e+00
19	0.5	1.803607e+00
19	0.55	1.688975e+00
19	0.6	2.005386e+00
19	0.65	2.109942e+00
19	0.7	2.183538e+00
19	0.75	2.290223e+00
19	0.8	2.289284e+00
19	0.85	2.049291e+00
19	0.9	1.966471e+00
19	0.95	1.877101e+00
19	1	1.818452e+00

20	0	1.542651e+01
20	0.05	1.668441e+01
20	0.1	1.632780e+01
20	0.15	1.444786e+01
20	0.2	1.223103e+01
20	0.25	9.855990e+00
20	0.3	7.088728e+00
20	0.35	5.076225e+00
20	0.4	3.472021e+00
20	0.45	2.232818e+00
20	0.5	1.649415e+00
20	0.55	1.534471e+00
20	0.6	1.706392e+00
20	0.65	1.890213e+00
20	0.7	2.116700e+00
20	0.75	2.224853e+00
20	0.8	2.103724e+00
20	0.85	1.925505e+00
20	0.9	1.727995e+00
20	0.95	1.550563e+00
20	1	1.536818e+00

