SNR_dB	MSE_a_0	MSE_a_05	MSE_a_1	MSE_a_15	MSE_a_2	MSE_a_25	MSE_a_3	MSE_a_35	MSE_a_4	MSE_a_45	MSE_a_5	MSE_a_55	MSE_a_6	MSE_a_65	MSE_a_7	MSE_a_75	MSE_a_8	MSE_a_85	MSE_a_9	MSE_a_95	MSE_a_10
-20	34852.2869621953	35560.1911916302	35345.2339253114	38200.3437222372	37577.4825564431	35158.4801762204	35029.8879534492	36964.065517231	36580.811699671	36863.5412933344	37090.5046613115	35905.5072263802	36186.4572595071	36548.0012468199	35561.9488270678	36069.9290876398	37030.7239747853	36755.1443813145	38144.6519694145	38256.4802970332	35967.5381969955
-19	116493.069094882	111488.573749196	112132.164706649	117610.658684562	114628.09138271	118743.611769014	114237.513368675	119913.976690789	119101.363684217	113166.738328355	115870.153551761	111299.341208516	112630.427987116	116362.749243721	115736.155860405	120731.118468845	115539.203846427	117238.994430044	112011.361395285	114532.140296256	114511.85064852
-18	203954.865192587	198272.950794665	220494.534721581	201943.724615591	204101.284154299	207408.699056378	202108.54032202	206631.597917297	207449.537849641	209099.034190327	210834.436695542	211081.61986002	200312.507658391	209304.544012733	209223.437344192	208579.824186744	207155.213491073	216581.025540228	209842.140691419	205734.572159551	223238.36500612
-17	281950.317473412	301832.835184385	290052.792266549	287926.184552063	302173.719130697	321007.58122963	291239.766512035	303254.945528925	287223.9450375	293408.365017478	305709.617650786	302404.055279011	299150.849951447	304645.429651864	296080.534131585	305432.678994034	307136.948360614	304061.160150705	305095.463142224	303846.318388661	296959.919480355
-16	368477.768216775	359565.454705042	348731.781538129	394871.496915435	367193.376265369	383088.253044526	385261.827905686	366020.261735161	357178.471120041	381231.580054516	373395.446888743	366356.860535347	376822.238587419	353373.091102951	375533.919448265	364770.035591857	373595.365524118	373765.18653632	380901.572589233	382680.14357559	364623.563428919
-15	425379.700541968	415756.163823977	440523.762550351	422181.137596095	422204.44259342	424079.699016792	438518.639728735	461825.086798143	418142.103123174	422708.571235371	427334.941356949	438719.646479198	436644.933813462	413245.895902132	416520.030788102	425575.178279409	439094.198281022	429829.06170211	426502.241342008	414459.443420753	430587.27702516
-14	452718.257936492	451141.304584436	479379.078042973	474329.951784254	480957.18065986	477365.090378503	453036.067759116	466968.354066079	454672.524872742	477702.371724757	481213.780871473	460580.515549526	468817.046033698	492531.960553086	462872.496820448	478188.850491246	468189.021984334	484422.674420991	464100.042249335	491666.22334125	471484.658651301
-13	491893.924501861	496575.22237248	474643.311929168	510622.278713409	505577.167396246	515982.528867234	490891.164485254	494641.95343872	487521.993365802	515531.027202957	485190.951291915	490529.15160175	504903.726210225	485235.828186489	523025.203805391	504789.848950642	501081.274192768	489879.691513939	507143.40997603	519833.543971377	515631.291293873
-12	492505.639536992	475876.078178344	514071.991210746	501890.68104729	524589.967350281	519460.575043457	517324.565551045	498629.36479535	491684.944135275	531027.966304919	507155.793666704	506864.205036915	515864.356021615	514574.758401598	512262.56758152	537124.5244301	532481.323499046	506817.781174254	506757.282849993	519772.08740941	517401.156438972
-11	515124.521106063	530144.493505026	523275.818784804	506162.9392748	513297.405614224	526663.67181797	530202.022419872	506811.59278869	510072.469321805	494113.65495272	506187.318100837	520495.480149005	496565.764321312	526308.366523193	513816.830019332	533567.928714999	510071.174076398	511138.274933851	510293.217558746	513150.198168513	522105.80147973
-10	492823.245978757	481273.605247961	503221.160827198	512824.860708458	499690.785781391	524348.641997521	504569.618367534	509823.617912205	511570.232737966	519288.029995548	495612.009662509	517595.026970898	504259.0705151	508822.665172773	520100.952360195	495631.131619649	500606.894114583	522494.678563803	513023.23807425	518746.633809391	514039.190746817
-9	492277.368387497	483598.299399959	528434.022410983	511454.532887784	508345.229359504	510908.203836088	487043.332398503	489109.124026423	515294.986822647	508574.696246036	509097.301838013	508716.161373148	513122.490616437	500900.126322071	518040.386449953	492076.507614799	518065.040051422	521064.225614935	499138.853419932	508915.853234555	516957.306469389
-8	442091.536456835	476597.871296582	489249.338081603	497743.491411074	495257.31223035	476549.281595799	486224.757440369	505962.950260904	488363.710720613	490956.458661486	494804.719292442	498420.478425123	470855.915062529	486304.421594857	497498.276878618	512830.21918036	491478.552363648	477067.603523732	490079.726543944	489159.545308771	500482.276044958
-7	468194.676590441	459172.779925176	469344.809398403	485696.834535407	489011.171154637	491327.485352316	480982.701783052	478308.846930219	484342.102631929	495572.918335308	459849.966185168	472909.729627877	485624.930617606	485143.509043266	487137.757053665	467367.047713631	485561.799146453	487882.292275498	475110.536538025	489192.2599428	446685.601602822
-6	461257.554914955	433143.103103295	466012.573403158	459895.322369071	464231.463252293	470766.77483658	447222.489877496	458760.839775001	459817.066324587	447654.387000505	470533.321338804	466508.071470822	466228.89905851	458992.65056425	468052.21657972	461319.85812517	472674.459867773	472491.215257133	474366.859681255	428375.233578605	499369.010473878
-5	446452.843543254	428835.65017952	468352.984721206	466208.765082603	465006.407540239	444800.258946962	444975.125292256	461997.967318846	453241.238615647	449364.412976862	463569.214798079	472369.583526642	460586.697587082	462694.254814622	441152.735156437	469360.158167362	475687.764121845	455917.696623487	448423.472322627	476399.066787109	473039.771886985
-4	422606.740996884	423664.53422022	440322.876631789	457418.806656159	476013.951744038	441541.391574069	455195.32571674	452878.776282852	417070.397539962	468821.759672653	440752.937286498	452533.33039966	457226.51882963	472154.059315396	445384.727942754	445034.61853555	441174.523993152	446335.776701753	446032.650710113	437146.771450185	457924.304104168
-3	419455.465486595	431529.924113347	441488.136980371	453577.965006346	443846.949574993	434552.848260432	430021.279871045	427190.777566802	452736.921175169	454022.296878276	425003.406715416	455788.238772722	451439.327654222	432090.429405623	441560.346262135	440737.843746122	433795.344473157	438020.972657767	445636.664446798	451155.293601975	455046.141087744
-2	425011.240632574	443301.782359541	429969.004687196	437938.881504142	443418.04508463	440573.396954164	442301.665957029	441317.745435203	447387.726640972	466317.211580181	474002.633316097	441446.549456384	441507.149681721	435007.772417322	456444.319928868	440019.241975981	431732.534851991	445541.991736691	452017.293508273	438761.84671863	449612.204414609
-1	423996.892596176	434794.604835619	447379.854691364	455097.790827341	467218.674051596	453984.461880751	434823.028514162	434480.720604311	457949.016310999	456105.951987563	455172.692708634	435346.863637986	442606.272815141	435755.753746711	447195.122340375	432887.206945748	443754.184269569	445796.578587849	451742.89152906	436479.511745407	457770.178716205
0	430059.545043975	432180.151517882	425584.224193581	457676.911116643	467946.085779465	451411.72913549	446305.212615935	465625.882339894	448799.295156932	460285.804854892	456204.804650879	467377.670978914	448431.805993527	437592.500889545	441309.099339854	461948.59867248	451444.073925703	482091.344680138	451340.644028417	452449.98412222	433434.399107699
1	421739.115011006	438193.310181417	464460.970456114	459435.384035935	473111.017798403	470008.652655116	466615.324899754	442020.828672182	463473.250882089	454627.595085807	474573.1990139	464672.08712628	457241.07633991	468993.931912234	470941.339619655	459469.590296307	458944.072750055	468043.057170292	461269.257063587	465309.990377432	452547.84262551
2	427717.061399437	445491.147068787	476696.122430332	476104.655327102	492967.575344474	497445.697937522	465954.443927274	475265.440471987	483561.435212781	478852.316230518	481453.290033234	468291.115830057	477663.974209618	467782.664514937	477334.895874219	475074.756321118	493035.668220237	469869.127302019	463295.165394815	476757.823421473	465639.486640255
3	458712.828547954	478890.922484944	486371.345367812	494141.669726277	492789.170796286	472964.206861672	486571.938116564	487512.162864445	489236.824896855	487582.956331415	482789.360686091	502055.700384236	495722.057695045	475954.487341754	489026.406912643	483638.210438591	486901.793740966	495062.801510612	498182.489272887	491710.452351262	489830.802843579
4	468022.325186549	476941.50236029	510819.810524137	510222.239777269	525412.533713864	519519.949658177	513374.045029863	497229.784115746	499119.744591289	523764.676711179	521892.734573127	504974.131438838	507575.920262422	500104.103319243	513333.607950148	511811.947742203	515409.271106507	494995.111976337	501945.148690792	522815.887778434	502505.013921191
5	503599.911551197	511754.542665971	523475.98449264	540084.163111962	525720.926010307	538451.218684928	541131.642504871	520394.584166479	538525.498640316	527586.98513	537924.048284189	530162.983528595	521690.378150667	524898.104599868	540036.81378388	524179.087146952	533862.209292681	548945.386428891	526665.755619019	537445.529960484	518455.551343873
6	523818.712798563	535994.610506744	551597.507165758	582619.396316878	561142.294852927	575530.802628202	553752.447954606	545265.555827579	550883.720897021	555497.694214416	564731.944237012	564958.795267101	561456.182342656	554916.6552026	572493.307808248	564184.587196986	553626.719964565	562955.650268063	554634.798745151	564722.163150056	552773.767117473
7	534948.970415309	561396.187009317	568389.620554351	590519.115434631	587271.373473291	596853.017613117	586419.715188998	580241.497169671	585237.478021937	586151.777857008	593231.358005705	603704.808411383	586572.973185617	596696.622245602	583471.895685684	592096.982851582	583946.978707116	581153.883169438	569091.603910466	576171.2275721	582065.69028269
8	567732.428749586	585720.187208236	604023.362728159	623330.232718415	639392.643066055	628268.184188098	618015.978019148	603553.578285814	628119.138490984	614787.837197321	620281.940205495	623135.109329241	617420.33509825	620573.097999672	606000.984360651	614889.104920978	619500.222876985	613887.279384183	617587.681999014	616239.537872216	614102.83126655
9	600516.83140886	614900.753125308	643847.033366345	672727.778612412	665789.319860712	670436.542273374	656727.226973958	637731.337646919	646666.021582255	662230.196105921	652622.674025231	649047.235021813	655683.651587845	661953.606729392	645458.047672056	661575.064393239	659316.193849204	663999.874227228	650908.061444854	649302.522918223	660858.420973929
10	641203.500752221	650765.221278499	689074.615859345	699214.745642455	699865.112220361	698999.687945567	696891.490770632	695499.550604309	694897.939843537	700237.897725755	698590.686796036	693914.918187764	691684.038675624	693305.148592719	692894.000916985	692200.55063598	688227.400823275	691900.992028734	695819.991120122	689018.233838108	682565.278831549
11	676410.280010746	693437.978393868	717538.475332768	738861.06743296	749397.815966371	733613.678259378	724101.394308614	720982.073501647	723473.267190533	723408.300807868	732045.875978005	735510.568413403	730031.499723229	728408.852720341	730278.938906083	735959.099277389	725856.354822194	722474.62552201	730277.608137185	737936.134771472	736571.598401247
12	714499.911531035	731890.479449065	757163.204287379	776730.463063405	783892.638691642	773142.741305579	768870.828874076	769325.268827257	770182.153692937	770997.566902325	775314.717604002	771181.31084301	777217.378357669	773795.318216596	770660.218174103	765227.450001397	770300.68249681	768187.390116521	768758.36774445	761650.293617538	771532.38969394
13	755205.856383353	784177.39685192	802400.121693739	826206.829354688	835100.533241437	820544.675418172	817071.867794889	801202.397890096	809414.798334391	816973.827843592	819700.252069201	817786.758913744	823313.929080085	809479.83946779	807110.360738054	812867.555463084	821769.545454887	815277.173209234	819236.398346756	814395.380274956	812455.801824863
14	795277.98456101	805853.282757851	846474.022070683	866824.605385512	879432.916153349	870172.68264336	859681.266809272	858778.611691382	860295.623576484	863719.47643343	864499.221987271	867769.613048286	861041.724366333	852402.658705289	860593.701501324	856388.689507491	860800.306127588	873486.853474071	858325.441420179	847426.690387372	863957.686542835
15	842645.857878857	863453.609397095	885280.367941532	912244.952159652	921723.604387956	911603.206866511	909149.869332008	897210.595682039	904805.714523204	906967.234695974	910981.182931259	914884.959187781	907999.044742517	901926.425506103	899117.476254919	905519.452684446	908498.644987751	903425.119466321	912382.187401576	908745.735947703	905554.714603037
16	892545.479449808	904209.799608608	936375.879927542	963310.381170228	974027.488984754	969933.633691343	955239.002557466	944990.117631699	943411.054860505	955297.148873458	963867.134871622	964167.738550952	965004.292705203	946977.870949659	956787.155026739	950478.695862102	958735.66501753	959884.612390763	960450.952802512	956327.69568232	956121.505000664
17	935607.810669821	951112.246590486	989657.683992298	1014889.66515643	1022399.0795873	1020226.14921072	1004638.4780132	1001289.31764973	1002880.79752128	1005959.71813496	1021703.11446126	1013128.78798903	1015771.5868731	1011535.01193387	1002477.30634257	1008684.09822023	1012512.94772765	1017310.84519267	1007199.50462583	1014263.49369985	1007286.19265908
18	987365.219929562	996801.861929766	1040503.03461842	1073209.30605266	1080869.57960623	1073435.55666529	1060577.15346282	1046223.30353546	1049985.79703095	1067784.97018286	1069466.92916484	1066618.65696609	1061747.72678862	1062319.15484894	1053367.46441471	1062161.48151843	1073981.17285785	1065352.99693444	1067126.96409068	1056188.87833274	1061424.92261053
19	1036046.02016419	1054650.10909916	1095548.34439781	1131682.53958856	1142344.85431392	1128547.96852491	1115192.2237328	1104649.7327586	1111015.36284887	1120525.12133756	1127318.29525934	1121052.75346261	1117584.27158054	1115871.39128081	1106683.01648132	1115638.03368001	1115381.91187513	1121530.11751161	1116914.971472	1121253.84476926	1115800.73532134
20	1088742.73930916	1115888.6374155	1156484.15852101	1184493.65394895	1197608.02480539	1186164.32610807	1163923.48295244	1153841.0734426	1163049.80107352	1172480.8662329	1176847.26470899	1182450.50235105	1172109.46197257	1169087.97840147	1165952.19894389	1173195.50841264	1174329.6159165	1182324.57941538	1175031.71324153	1177459.66701292	1165729.75676187
