SNR_dB	MSE_a_0	MSE_a_05	MSE_a_1	MSE_a_15	MSE_a_2	MSE_a_25	MSE_a_3	MSE_a_35	MSE_a_4	MSE_a_45	MSE_a_5	MSE_a_55	MSE_a_6	MSE_a_65	MSE_a_7	MSE_a_75	MSE_a_8	MSE_a_85	MSE_a_9	MSE_a_95	MSE_a_10
-20	38.944766532731	37.1712102846992	36.4033766151189	36.0592776454434	36.8433450040503	37.7281180986094	38.3235724389348	37.6625558436202	36.3737486512062	35.6582876380787	38.0262197609563	36.515140136327	38.1985230373899	36.515169275674	36.2259266350362	36.0704639335898	37.8699984670486	37.3025095614669	36.7686411536245	36.2164571543872	37.9763128157083
-19	719.47517742153	688.392775244137	728.645403738812	816.881555909161	878.479634477861	869.952885673274	865.893118251449	856.332786423401	844.909295786692	819.157054949983	862.371112173481	855.80315162139	849.922434587427	836.745753254819	850.488799975938	846.090478318078	862.717300582231	825.660701181975	858.45241073706	871.118051355319	852.87047730004
-18	2652.18664993285	2702.55484603327	2820.47475835786	2976.73986964884	3172.51022772251	3198.58875602165	3190.27016034638	3128.86763954298	3099.41044499338	3053.81953871016	3103.20179959425	3154.4064510637	3198.8816024683	3156.01840716827	3095.89333593264	3094.50665869019	3085.75032574473	3138.60103340763	3083.23320605369	3131.08157679042	3140.74858559528
-17	6021.88755982714	5994.57698872511	6206.70416803718	6569.73350403605	6965.37389139679	7044.58953773577	6973.38266853969	6918.33772367728	6759.27433478153	6767.51967569774	6902.0512893553	6842.48282738702	6905.07072280793	6892.69094827631	6836.86163873963	6755.79399338244	6777.03127381112	6992.87260518921	6853.56754139334	6846.13619321621	6900.30267859341
-16	10588.7429764501	10544.2889244661	10882.9967057559	11599.2548475635	12156.5766557241	12345.0165338175	12344.7789043605	12149.8343306215	11899.4124913044	11859.8333509723	11878.4601785088	12074.686291521	12097.3443039625	12135.6122790841	12088.8561029311	11970.785549252	11892.004026391	12034.0386862359	12138.706229711	12032.3674607002	12141.2568158287
-15	16478.7440688391	16426.0037173868	17112.1781728847	18075.640233782	18819.7586273094	19033.6997289809	18920.2122104276	18565.9745478736	18525.4593607608	18502.6661002634	18776.7165289045	18684.7783087168	18733.9810421141	18697.1379600843	18552.7206137411	18431.6070703328	18613.3330357975	18680.0158229006	18826.8101698865	18681.4011922528	18601.4868799773
-14	23927.775667731	23687.0438167994	24551.5978263961	25860.5284346419	26936.9824844755	27220.5964557306	27240.2837957909	26616.870705335	26539.054168911	26364.4059616286	26677.9104873286	27004.4839075649	26947.568073317	26718.5652061053	26292.559181358	26584.2782951559	26808.2137358144	26467.5892033085	26824.0283708752	27041.8800159566	26757.8889322405
-13	32198.5174918643	31931.7749159879	33496.2340113066	34985.8263451963	36480.7815165834	36945.720214061	36568.9606078878	36172.8312314063	35988.685234394	35836.7997512407	36385.3294368039	36347.0512958177	36630.0125232071	36240.6132401404	36093.5427142181	35962.5981543321	36148.4535488281	36144.1554015654	36266.2465457876	36386.882912983	36018.495783712
-12	42127.0607179616	41825.0700863668	43386.7717423903	45535.1325785911	47821.2008120658	48213.1151812667	47606.8605520094	47013.6220934937	47043.460831403	46395.4509548813	46942.8715656231	47614.4580851713	47329.3388698399	47156.2160161982	47102.8866272801	47052.8427740731	47141.9232574521	46963.6322673724	47473.6540934403	47525.0194561978	47231.7237224262
-11	53036.7833336527	52927.6837529562	55039.0031632347	57692.0693160116	60004.2523719741	61015.5151134931	60304.04435984	59448.6037457008	58264.8273136188	58787.4426709908	59135.1038938533	59721.3296005451	59630.763163251	59522.4435264739	59318.1298332629	59201.1484024053	59654.8160777999	59558.2183983887	59781.8375200973	59634.6385997468	59846.9500676668
-10	65317.6861255135	65571.8669859995	68193.583273416	71543.2842568839	73877.9083302004	74779.0436924549	74836.1712509619	73550.0946630824	72262.3253481366	72505.4661942785	73346.7961412356	73472.3753443503	73812.9836390055	73423.1713703067	73115.4833382615	73140.9545912941	73096.0611388815	73562.4193980369	73650.4114341883	73481.2930447391	73346.2659873083
-9	79153.2445601024	79373.8350490307	81719.7730561575	86039.0101403327	89253.9310318538	90369.2506805091	89814.4230391751	88379.0541111141	87776.9885038179	87485.5184377578	88422.681230521	89019.9963060249	89597.7048060398	88975.7050632411	88238.9186843821	88082.4961260488	88137.3750478985	88756.0126328847	89227.6028426243	89159.3213220449	88846.7711661639
-8	94219.0614180879	93878.0156409866	97369.8722385265	102481.849833197	105685.175627935	107513.670243902	106614.419880276	105187.514411931	104182.924874006	104448.247602663	104956.779549402	105704.057985021	105937.070993887	105914.40685916	105297.970671786	104874.612260986	104935.705189647	105265.740312563	105507.931891863	106274.681077538	105808.515427323
-7	110838.780011057	110280.401190084	114555.060579822	120263.103113362	124679.497736123	126500.042977655	125272.205296535	123345.569885012	122273.096165977	122200.293066662	123289.276080214	124045.17143615	124338.666936344	123712.452305235	123596.870049113	122862.081978585	122984.189544802	123293.819623346	123751.662175046	123832.881781989	124191.697677599
-6	128439.512053639	128140.632382007	132388.831037308	139192.183350519	144321.755888939	145850.493104845	145092.36334472	143132.32790527	141782.604850212	141780.085192972	143378.542879067	144164.96651852	144228.596068035	143261.807457625	143003.632979658	142323.849484866	143027.464819932	143104.786172003	143717.208632752	143486.73372785	143622.279167608
-5	147381.540063811	146705.412344137	152500.64139693	159842.62738182	165583.40664601	167570.560533409	166792.030862071	164316.374231979	162652.402291502	162309.805193546	163818.35732529	164814.313203494	165454.579913441	164432.278492883	164224.327157643	163688.479267955	163118.248342215	164110.918763006	164667.29730257	164597.324218432	164736.224601579
-4	167837.083758177	166975.46881478	173321.819542581	182236.188040845	188745.093213392	190877.698136408	189449.394582205	186037.917708654	184561.951763317	184781.098511333	186478.548307586	187847.202278795	188707.197579831	186965.260672975	186980.993838422	186100.476807034	186210.526212284	186536.647585718	188013.031595558	187938.160433877	187059.64855912
-3	189635.770587387	188570.24826015	195887.595446366	205318.430618107	212780.033013099	215118.27211219	213630.301349103	210552.024436685	208620.08922214	209036.335995363	210275.74904398	212385.295367594	212923.516269365	211403.595514566	210483.640206209	209409.8966721	210185.980528529	210560.55433695	211811.15820493	211769.09802983	210913.301523585
-2	212281.09853039	211428.114431956	219850.239888728	230530.872327811	238095.129209812	240844.632545837	239196.424259832	236567.382736179	234216.752784224	234294.787870791	235840.280468475	236928.708885978	238217.160122608	237252.482309746	236060.667257298	235384.875131961	235119.360155809	236449.156874296	236546.041947052	237459.278787554	236483.759046924
-1	236729.21490173	235896.472044554	244317.066675517	256082.21641288	265199.867584136	268747.70713064	266959.295086462	263435.687899885	260629.012486625	260992.769026211	262589.485621593	264958.314920712	265462.222490478	264208.805364602	262828.491345503	262106.317517309	262069.268134617	263543.766913087	264110.937613659	264500.377035297	263529.816510435
0	262116.420772828	261235.020157088	270221.718320604	284091.359080445	293557.260510572	297350.736093712	296141.781289081	291418.690160286	289145.837857069	288603.581621441	291206.542587115	292931.225442992	293984.471884272	293115.909788002	290807.573464368	290335.647541225	290808.673687959	291588.05261947	292357.899938196	293189.125233608	292428.16115749
1	289014.581404913	288366.788216738	298813.188246133	312707.477357992	324052.26367397	328284.435694701	326300.864178517	321539.061748059	318530.874218246	318296.646469021	320985.60812598	323238.582045313	324056.713971653	322441.95664468	321370.589987272	320004.336613845	319909.229573723	321476.220124188	322489.079721181	322874.29138284	322452.119438103
2	317178.970790121	316477.530656937	327928.597273228	343683.454539454	355477.174116682	359981.304499955	357810.974966705	352569.291080197	349737.058219483	349236.231462454	351899.532719903	354586.003926245	355141.186978788	354112.2528411	352202.073640138	350956.599957443	351421.104563641	352799.646552605	353902.314407765	354307.980243057	353171.24280549
3	346693.863881296	345490.318315411	358282.142425334	375488.966173459	388854.997714983	393972.743097642	391295.66726674	385452.102149582	382094.423214005	381913.373420611	384988.753298087	387276.281294385	388215.432584225	387171.631855714	385149.053270792	383721.136295852	384115.938981863	385981.144188295	386982.453814511	387222.24205132	385859.828070278
4	377111.712231843	376314.341371059	389739.99699758	408761.039501338	423196.262373882	428266.111106553	425710.127726996	419632.341960007	416173.55542781	415936.995525381	419147.72144813	422000.164092913	422968.640162873	421256.029738062	419575.592254314	418088.537420551	418296.352143183	419971.726236679	421176.354426967	421736.891993585	420179.314944276
5	409985.489769732	408105.755971967	423721.723279171	443617.989708398	459078.857864708	464891.190576895	461872.580807972	455533.407577028	451266.636015444	450978.172524789	454537.987168402	457729.24996796	458554.393898974	456949.507464068	454514.286547442	453775.769235755	453781.174888252	456047.88669638	457453.640711044	457397.545587143	455744.214258664
6	443304.434590966	441927.59028709	458006.964202258	479770.296292886	496559.754430032	502402.537382174	499468.366972704	492536.12719772	488361.469960646	488079.139312871	491614.320527813	495278.07666436	496508.158400469	494231.871727936	492179.554988983	490106.271917269	490690.238701435	492887.30577343	494581.175884844	494952.788631856	493205.158031943
7	478133.237903484	476561.392834409	493905.933793848	517159.638073755	535658.92099766	541772.267105142	538684.304089271	530840.189867803	526175.739762404	526529.530822218	529986.614489783	533737.473351899	535331.694107225	532896.76196686	530480.05869535	528995.051529139	529592.64522806	531688.781607099	533074.876962417	533690.461634576	531944.883969598
8	514389.302083672	512566.115862435	531390.87300918	556575.299955195	576048.577000444	582855.762559195	579454.134668047	571323.758666683	566058.651960084	566063.746074438	570181.615994169	573942.549851668	575630.913805878	573274.086823295	570742.379927813	568763.307128038	569142.576090646	571993.792699885	573545.026901855	573985.357241978	572238.665910947
9	551802.583633633	549853.325375513	570015.019759556	597203.835602747	618142.427228782	625478.643221889	621338.594745461	612882.048448071	606889.274256155	606988.640054903	611280.194688165	615355.646242792	617414.849640945	614819.433291346	612231.432717935	609926.074933748	610697.462163703	612898.966694533	615032.042281081	615869.837016403	613653.823533244
10	590470.647034363	588606.095036564	609931.824594312	638791.414443243	661185.937820266	669332.282270318	665284.477780175	655284.696113336	649991.186447859	649674.102695696	654215.214536768	659021.572020563	660614.195647867	657983.544334547	654782.349147423	653035.775609104	653185.96015958	656162.743476772	658256.356112205	659121.813671986	656751.505261696
11	630457.349646506	628496.416021975	651613.97514103	682083.782178712	706025.06228992	714600.847744364	710022.986894954	700029.461259378	693634.755814477	693874.467199058	698826.588641452	703796.820826716	705296.075648657	702476.61764732	699529.584723982	696888.09368612	697589.210937153	700605.717752707	702485.040352081	703549.605804526	701380.926076191
12	672065.783365629	669604.1309626	693927.551752489	726584.741076597	752142.824838046	761186.513404987	756653.431132514	746190.186362648	739459.369106499	739074.354008615	744326.339159063	750156.944869286	751204.537989031	748930.378421444	745195.864316699	742829.606360575	743492.104570832	746349.591686654	749183.562818135	749720.37563293	747228.083477065
13	714612.065396755	712542.806276853	737957.110136075	773059.231712217	799996.426429974	809745.094291419	804762.910749655	793426.491346194	786253.680424651	786093.049296868	791816.639460922	797596.055827519	799330.162920967	796029.108089265	792583.523286106	789977.62586844	790341.517431681	793788.042636983	796533.17316536	797318.855225831	794614.537059179
14	758839.906490811	756388.621911305	783488.592950954	820698.569210474	849172.138654906	859659.733697243	854147.738292828	842237.967061604	834705.33951874	834408.053335009	840253.444042	846433.489461759	848450.259674368	844934.14659369	841114.323405074	838304.824755648	839293.539717274	842671.073935079	845207.334238917	846154.029953107	843729.086325168
15	804233.1350135	801231.442658221	830254.887564581	869729.767754485	899997.7770933	910678.155811499	905119.574005072	892514.76338694	884264.148745725	884273.492131837	890630.90534264	897196.504341751	898807.933703883	895628.632146522	891497.97111168	888523.587792066	889361.960532784	893074.840792342	895583.171295132	897056.973208959	893854.59402397
16	850690.799407027	848128.090001814	878515.765134533	920048.057769458	951981.005266786	963415.128529918	957710.338721625	944169.656919221	935757.008360414	935668.686033858	942157.92619933	949336.282315906	951343.129863792	947658.486812883	943096.356616338	940082.528872691	940871.788603013	944781.542594816	948024.784613589	948659.421269817	945738.964183773
17	898808.565888944	895763.831086928	927872.761176316	971856.025929799	1005541.67357291	1018025.66347655	1011691.13041046	997091.847750731	988206.38708706	988221.967037739	995314.296488218	1002557.48095629	1004848.24634134	1000940.52726633	996098.781282255	992914.020551004	994059.061535792	997890.315496351	1001094.83627476	1002184.56279361	999074.933248128
18	947877.687169111	944885.555642454	978958.455214817	1025057.26131127	1060541.67002217	1073571.11874902	1066850.01077726	1051770.85203652	1042312.60147481	1042576.6932859	1050049.8955929	1057522.88304539	1059698.87857302	1055758.19246031	1050881.97088446	1047379.96452815	1048596.79808515	1052651.90394641	1055793.23135096	1057063.41748322	1053782.19715849
19	998694.696870354	995415.259281223	1031236.49378235	1079810.35839574	1117079.19200745	1130757.51452517	1124038.72930309	1108038.229406	1098203.2201814	1098054.85297657	1105885.59847292	1113961.41153351	1116327.98480697	1112087.78902929	1106617.30975753	1103139.15498603	1104377.12905721	1108607.06405459	1112229.93389355	1113475.88420061	1110056.97959041
20	1050581.54255037	1047134.38680034	1084772.75439012	1135941.09409088	1175101.91928918	1189668.32874689	1182179.83954102	1165505.86400637	1155205.37522781	1155063.2061261	1163236.31683828	1171749.116071	1174244.77124528	1169665.40704054	1164416.74673256	1160549.27546481	1161545.05937474	1166280.77572544	1169929.947736	1171218.2588981	1167648.45001427
